10	42.0276	56.2591
10	217.227	0
10	168.987	0
10	144.196	0
10	55.247	43.4304
10	80.82	18.6131
10	143.227	0
10	89.1598	10.5198
10	73.9725	25.2582
10	46.2205	52.1901
10	66.3849	32.6216
10	90.1244	9.58372
10	95.6554	4.21618
10	47.9429	50.5185
10	97.8339	2.10209
10	88.2451	11.4075
10	62.2414	36.6427
10	84.5925	14.9522
10	97.2305	2.68762
10	75.2459	24.0225
10	93.1307	6.66632
10	197.853	0
10	160.628	0
10	89.3589	10.3266
10	115.042	0
10	158.561	0
10	68.7807	30.2967
10	106.176	0
10	81.6386	17.8187
10	86.2624	13.3316
10	97.7476	2.18581
10	103.633	0
10	93.3039	6.49822
10	119.171	0
10	269.777	0
10	70.4845	28.6432
10	111.378	0
10	71.0569	28.0877
10	76.6218	22.6873
10	57.7652	40.9866
10	115.306	0
10	106.598	0
10	141.14	0
10	67.3025	31.7311
10	94.7505	5.09438
10	135.565	0
10	102.669	0
10	75.4494	23.825
10	94.7773	5.06834
10	57.1282	41.6047
10	81.9304	17.5356
10	141.871	0
10	99.9542	0.0444295
10	110.246	0
10	112.817	0
10	90.6795	9.04502
10	121.224	0
10	64.3917	34.5559
10	117.965	0
10	66.5793	32.433
10	96.4848	3.41127
10	94.0269	5.79658
10	49.9388	48.5817
10	114.574	0
10	81.3232	18.1248
10	190.491	0
10	76.8033	22.5111
10	94.2511	5.579
10	119.193	0
10	116.164	0
10	112.971	0
10	79.4281	19.9639
10	84.9702	14.5856
10	133.862	0
10	46.815	51.6131
10	59.2811	39.5155
10	190.965	0
10	95.6131	4.25726
10	106.451	0
10	106.525	0
10	135.237	0
10	203.796	0
10	65.5957	33.3875
10	295.742	0
10	48.0995	50.3666
10	117.004	0
10	74.4073	24.8363
10	129.664	0
10	238.152	0
10	66.5103	32.4999
10	128.866	0
10	87.7448	11.893
10	124.465	0
10	100.568	0
10	56.7184	42.0024
10	88.7299	10.937
10	84.2577	15.2771
10	147.015	0
10	108.815	0
10	85.1067	14.4532
10	130.144	0
10	60.4583	38.373
10	38.5626	59.6216
10	51.5407	47.0271
10	99.5323	0.453915
10	133.487	0
10	79.6461	19.7523
10	34.3211	63.7378
10	149.174	0
10	109.287	0
10	153.652	0
10	67.7823	31.2655
10	159.291	0
10	138.903	0
10	111.173	0
10	66.2956	32.7083
10	100.155	0
10	140.452	0
10	66.6396	32.3745
10	57.6861	41.0634
10	107.489	0
10	134.971	0
10	77.8183	21.5262
10	107.118	0
10	102.599	0
10	87.0453	12.5718
10	94.2697	5.56094
10	122.563	0
10	66.7848	32.2336
10	131.592	0
10	90.1735	9.53611
10	80.8349	18.5987
10	59.7792	39.0321
10	108.91	0
10	49.2272	49.2722
10	100.853	0
10	110.133	0
10	65.5341	33.4472
10	125.778	0
10	133.273	0
10	125.727	0
10	50.1808	48.3468
10	135.343	0
10	95.4931	4.37369
10	146.982	0
10	73.5277	25.6899
10	137.571	0
10	62.0416	36.8366
10	78.5771	20.7898
10	240.351	0
10	32.7641	65.2487
10	79.1918	20.1933
10	80.311	19.1071
10	63.39	35.528
10	112.935	0
10	190.31	0
10	89.569	10.1227
10	115.431	0
10	149.769	0
10	72.6335	26.5577
10	128.714	0
10	97.7686	2.16542
10	166.736	0
10	118.15	0
10	121.306	0
10	50.6626	47.8793
10	103.246	0
10	55.9041	42.7927
10	115.571	0
10	132.041	0
10	120.308	0
10	112.513	0
10	76.5381	22.7685
10	100.37	0
10	147.873	0
10	31.9334	66.0549
10	34.9583	63.1194
10	67.5703	31.4712
10	81.1542	18.2888
10	54.7525	43.9102
10	69.0103	30.0739
10	127.399	0
10	75.6333	23.6466
10	101.582	0
10	99.9958	0.0040371
10	61.3264	37.5306
10	103.193	0
10	98.0649	1.87795
10	152.122	0
10	82.4775	17.0046
10	71.8245	27.3428
10	80.5718	18.8541
10	90.7877	8.94001
10	123.07	0
10	61.634	37.2321
10	47.5775	50.8731
10	80.1739	19.2402
10	94.6509	5.19098
10	44.2908	54.0628
10	75.687	23.5944
10	124.829	0
10	199.358	0
10	118.032	0
10	204.029	0
10	76.1474	23.1477
10	72.0779	27.0968
10	101.215	0
10	85.9279	13.6562
10	119.197	0
10	94.1015	5.72415
10	77.1442	22.1803
10	86.0105	13.576
10	88.2673	11.3859
10	140.957	0
10	60.0175	38.8008
10	62.7165	36.1816
10	88.2684	11.3849
10	117.328	0
10	92.0548	7.71034
10	154.312	0
10	59.8928	38.9219
10	105.867	0
10	128.29	0
10	130.036	0
10	88.5468	11.1147
10	113.804	0
10	167.477	0
10	87.4574	12.1719
10	137.008	0
10	86.3897	13.208
10	219.422	0
10	83.171	16.3316
10	76.8842	22.4327
10	172.544	0
10	97.9782	1.96209
10	63.1528	35.7582
10	103.431	0
10	108.05	0
10	172.916	0
10	81.0618	18.3785
10	153.372	0
10	70.1452	28.9724
10	87.6712	11.9644
10	127.846	0
10	66.6796	32.3356
10	80.176	19.2382
10	101.14	0
10	93.8993	5.92038
10	105.331	0
10	105.38	0
10	110.165	0
10	141.688	0
10	84.4226	15.117
10	111.084	0
10	121.682	0
10	86.645	12.9603
10	62.9241	35.9802
10	67.0539	31.9724
10	148.805	0
10	140.442	0
10	107.436	0
10	139.842	0
10	86.9765	12.6386
10	105.86	0
10	233.234	0
10	114.825	0
10	52.2122	46.3755
10	77.8116	21.5326
10	111.264	0
10	80.1122	19.3
10	183.072	0
10	96.1424	3.74357
10	159.665	0
10	114.03	0
10	71.4831	27.6741
10	191.051	0
10	71.3112	27.8409
10	124.166	0
10	82.1978	17.2761
10	70.8624	28.2764
10	53.6319	44.9977
10	65.4211	33.557
10	76.8692	22.4472
10	103.728	0
10	64.1172	34.8223
10	66.7499	32.2674
10	136.595	0
10	105.078	0
10	169.906	0
10	104.972	0
10	138.652	0
10	123.43	0
10	56.2117	42.4941
10	128.708	0
10	80.3704	19.0494
10	125.257	0
10	86.8136	12.7967
10	64.8754	34.0865
10	41.1277	57.1324
10	44.4013	53.9555
10	101.772	0
10	121.107	0
10	87.3426	12.2833
10	50.3893	48.1445
10	92.5046	7.27384
10	65.5918	33.3913
10	116.253	0
10	156.477	0
10	69.322	29.7714
10	105.658	0
10	88.7978	10.8711
10	125.222	0
10	103.251	0
10	142.237	0
10	136.038	0
10	70.8609	28.2779
10	78.2327	21.124
10	51.2811	47.2791
10	57.8535	40.9009
10	96.3134	3.57767
10	56.8386	41.8858
10	48.5201	49.9585
10	137.013	0
10	89.3059	10.3781
10	121.31	0
10	109.154	0
10	49.3601	49.1433
10	119.972	0
10	137.954	0
10	72.0474	27.1265
10	136.321	0
10	92.7896	6.99726
10	142.526	0
10	72.357	26.826
10	138.024	0
10	120.271	0
10	131.834	0
10	83.545	15.9686
10	100.46	0
10	73.25	25.9594
10	117.891	0
10	115.301	0
10	198.953	0
10	49.4045	49.1002
10	94.701	5.14242
10	107.544	0
10	128.922	0
10	155.12	0
10	96.8006	3.1048
10	78.4602	20.9032
10	60.1045	38.7164
10	129.578	0
10	146.389	0
10	134.01	0
10	91.5237	8.22574
10	79.2627	20.1244
10	88.7249	10.9419
10	59.5322	39.2718
10	56.5186	42.1964
10	139.796	0
10	123.056	0
10	69.697	29.4074
10	98.6428	1.31709
10	80.8736	18.5611
10	129.222	0
10	95.9694	3.91144
10	150.765	0
10	70.8235	28.3142
10	225.957	0
10	79.7757	19.6266
10	87.5589	12.0734
10	185.676	0
10	100.824	0
10	70.839	28.2992
10	80.687	18.7422
10	173.481	0
10	148.959	0
10	92.1758	7.59299
10	197.168	0
10	90.0974	9.60995
10	76.9683	22.351
10	83.2909	16.2153
10	51.7343	46.8393
10	125.403	0
10	136.636	0
10	60.0171	38.8013
10	63.4243	35.4947
10	129.979	0
10	31.8007	66.1837
10	64.6042	34.3497
10	105.826	0
10	34.2652	63.7921
10	102.444	0
10	100.279	0
10	72.5167	26.671
10	147.448	0
10	78.1403	21.2136
10	172.569	0
10	157.366	0
10	111.862	0
10	138.321	0
10	133.58	0
10	107.972	0
10	151.595	0
10	90.5006	9.21863
10	88.6916	10.9742
10	98.0302	1.91157
10	143.753	0
10	84.2952	15.2407
10	109.253	0
10	88.6254	11.0384
10	59.691	39.1177
10	47.7666	50.6897
10	122.734	0
10	128.718	0
10	64.7334	34.2243
10	124.538	0
10	136.83	0
10	90.5739	9.14755
10	156.924	0
10	95.2703	4.5899
10	99.5056	0.479752
10	60.9317	37.9137
10	131.397	0
10	96.8412	3.06541
10	131.674	0
10	82.4378	17.0432
10	158.372	0
10	63.681	35.2457
10	87.7384	11.8992
10	96.1927	3.69481
10	188.775	0
10	68.3319	30.7322
10	68.2415	30.8199
10	126.504	0
10	88.8279	10.8419
10	117.898	0
10	54.6937	43.9673
10	66.898	32.1236
10	171.521	0
10	69.4479	29.6491
10	87.9632	11.681
10	95.1136	4.74199
10	113.033	0
10	59.3702	39.429
10	237.258	0
10	78.6119	20.756
10	72.8217	26.375
10	102.685	0
10	70.7361	28.399
10	85.2955	14.2699
10	284.864	0
10	78.2296	21.127
10	46.703	51.7218
10	58.7598	40.0214
10	74.6551	24.5959
10	142.325	0
10	117.768	0
10	126.035	0
10	133.607	0
10	53.7135	44.9186
10	183.07	0
10	109.779	0
10	116.055	0
10	73.5965	25.6231
10	115.603	0
10	122.764	0
10	104.14	0
10	40.3804	57.8576
10	73.281	25.9293
10	157.729	0
10	105.185	0
10	71.7766	27.3892
10	203.066	0
10	91.6578	8.09569
10	82.0693	17.4008
10	120.127	0
10	107.891	0
10	73.1269	26.0788
10	156.008	0
10	71.2273	27.9224
10	85.1716	14.3901
10	73.0316	26.1713
10	81.4564	17.9956
10	92.3088	7.46392
10	98.7467	1.21629
10	79.5897	19.8071
10	146.202	0
10	67.4171	31.6199
10	92.9097	6.88079
10	91.7351	8.02062
10	101.782	0
10	187.771	0
10	144.645	0
10	90.9525	8.78011
10	127.16	0
10	87.8913	11.7509
10	114.335	0
10	76.2888	23.0104
10	99.9223	0.0753912
9	102.304	3.85435
9	124.648	0.217959
9	113.964	1.00185
9	88.5347	11.8738
9	73.3881	25.9029
9	96.369	6.65556
9	43.5167	66.3017
9	105.612	2.72728
9	80.3185	19.1572
9	154.191	0.00109644
9	66.6714	32.4408
9	170.204	3.9928e-05
9	70.3734	28.8373
9	116.569	0.707428
9	73.3963	25.895
9	81.21	18.2895
9	86.4796	13.4834
9	78.1669	21.2515
9	65.4407	33.6387
9	133.36	0.0528106
9	121.902	0.330433
9	91.7592	9.53373
9	69.8804	29.3173
9	82.0453	17.4764
9	76.6949	22.6843
9	93.2564	8.5349
9	54.5777	44.3304
9	92.6646	8.92265
9	117.373	0.633316
9	138.614	0.021066
9	121.518	0.349775
9	167.831	6.6149e-05
9	125.2	0.200111
9	72.2592	27.0018
9	86.5285	13.4442
9	127.511	0.138976
9	82.6644	16.8738
9	101.317	4.24911
9	88.7639	11.6996
9	142.559	0.0102735
9	129.056	0.108286
9	155.518	0.00084094
9	72.6546	26.617
9	76.2661	23.1016
9	212.168	3.19005e-09
9	160.737	0.000291166
9	125.884	0.179843
9	170.763	3.54326e-05
9	162.021	0.000223388
9	105.409	2.78799
9	115.648	0.801532
9	70.6324	28.5853
9	102.295	3.85763
9	124.797	0.213004
9	114.565	0.925933
9	56.925	41.9275
9	119.478	0.470752
9	59.8423	39.088
9	86.111	13.7807
9	123.018	0.279558
9	86.2849	13.6402
9	169.494	4.64655e-05
9	95.7204	7.0244
9	71.9515	27.3013
9	53.3076	46.0424
9	132.804	0.0580578
9	118.67	0.528117
9	74.3676	24.9496
9	126.482	0.163672
9	65.9503	33.1427
9	81.4393	18.0663
9	64.0079	35.0333
9	95.9125	6.91389
9	90.9645	10.0875
9	91.7698	9.52649
9	121.09	0.372552
9	64.2413	34.8061
9	95.8293	6.9616
9	73.0268	26.2546
9	138.778	0.0204564
9	56.0142	42.8141
9	104.498	3.07434
9	77.1207	22.2698
9	64.9063	34.1589
9	85.4241	14.341
9	104.876	2.95293
9	70.3956	28.8157
9	78.0515	21.3638
9	70.4437	28.769
9	108.56	1.95499
9	103.331	3.47289
9	186.167	1.21405e-06
9	126.532	0.162394
9	101.981	3.98029
9	135.298	0.0378219
9	137.141	0.0273791
9	56.1769	42.6557
9	139.95	0.016561
9	89.9007	10.8528
9	96.9318	6.34549
9	148.484	0.0033559
9	87.2282	12.8875
9	107.916	2.10648
9	81.1571	18.3409
9	70.2881	28.9204
9	103.214	3.51475
9	130.868	0.0803683
9	142.367	0.0106453
9	99.5	5.04897
9	52.2904	47.3726
9	73.0771	26.2057
9	46.1992	55.6958
9	129.448	0.10158
9	76.6004	22.7763
9	81.8279	17.688
9	107.936	2.10182
9	172.51	2.43497e-05
9	90.5148	10.4076
9	124.279	0.230702
9	104.144	3.19142
9	125.404	0.193853
9	70.0917	29.1116
9	55.2478	43.5601
9	73.7698	25.5315
9	156.849	0.000643258
9	86.7842	13.2397
9	40.2386	102.728
9	81.2326	18.2674
9	98.2416	5.65992
9	73.9665	25.34
9	64.1372	34.9074
9	158.628	0.000448418
9	73.1934	26.0925
9	79.9957	19.4714
9	106.69	2.42105
9	103.64	3.36371
9	59.5029	39.4183
9	42.0791	78.0323
9	134.774	0.0414254
9	161.311	0.000258652
9	87.6202	12.5797
9	44.8334	59.7554
9	64.8165	34.2462
9	96.92	6.35189
9	107.464	2.2184
9	56.2653	42.5696
9	90.3357	10.5365
9	128.588	0.116848
9	128.242	0.123564
9	94.2487	7.90613
9	60.5394	38.4094
9	73.3037	25.9851
9	95.1684	7.34788
9	82.2097	17.3164
9	99.2331	5.17467
9	80.5657	18.9166
9	40.8415	93.2921
9	156.657	0.000668704
9	121.011	0.376878
9	76.5869	22.7894
9	117.989	0.58127
9	80.9679	18.5251
9	97.2938	6.15092
9	68.5254	30.6361
9	56.7393	42.1083
9	172.669	2.35313e-05
9	140.679	0.014508
9	124.021	0.240009
9	69.4326	29.7531
9	153.289	0.00131175
9	65.9333	33.1592
9	63.0396	35.9758
9	104.771	2.9863
9	150.85	0.00212019
9	89.2799	11.3116
9	107.893	2.11206
9	124.339	0.228611
9	79.1594	20.2854
9	175.972	1.15108e-05
9	106.4	2.5007
9	100.907	4.42092
9	121.541	0.348622
9	73.1177	26.1662
9	91.3692	9.80348
9	104.697	3.00978
9	98.6821	5.44072
9	61.6128	37.3646
9	98.1111	5.72595
9	48.1155	52.4262
9	75.8159	23.5399
9	101.23	4.28513
9	122.252	0.313655
9	108.846	1.89061
9	51.474	48.3979
9	75.1089	24.228
9	153.069	0.00137006
9	90.4906	10.425
9	77.9196	21.4922
9	195.386	1.5189e-07
9	168.277	6.01901e-05
9	124.386	0.226959
9	89.388	11.2311
9	135.581	0.0360088
9	115.897	0.775045
9	114.52	0.931383
9	58.8162	40.0867
9	114.718	0.907459
9	51.6837	48.1386
9	151.987	0.00169626
9	176.171	1.1021e-05
9	154.926	0.000946899
9	79.852	19.6113
9	131.166	0.0764688
9	88.561	11.8537
9	192.498	2.92435e-07
9	80.6891	18.7965
9	86.8628	13.177
9	152.922	0.00141059
9	81.4601	18.046
9	69.057	30.1187
9	164.872	0.00012339
9	76.9223	22.463
9	77.6586	21.7462
9	121.508	0.350315
9	95.4657	7.17259
9	147.425	0.00411215
9	67.4375	31.6951
9	81.5781	17.9312
9	43.7826	64.7065
9	120.794	0.389087
9	162.86	0.000187702
9	122.591	0.29811
9	80.4504	19.0289
9	93.6883	8.25785
9	60.4276	38.5183
9	114.545	0.928429
9	138.041	0.0233375
9	67.4142	31.7178
9	83.8887	15.6821
9	101.495	4.17557
9	118.773	0.520475
9	86.5318	13.4415
9	113.438	1.07262
9	123.549	0.257931
9	66.399	32.7059
9	117.386	0.632226
9	175.284	1.33671e-05
9	59.2242	39.6895
9	91.0162	10.051
9	120.738	0.392264
9	139.51	0.0179329
9	110.491	1.55276
9	80.1672	19.3045
9	67.6505	31.4877
9	67.4938	31.6403
9	66.0493	33.0463
9	100.166	4.74448
9	101.871	4.02407
9	112.719	1.17635
9	84.2008	15.3783
9	63.6744	35.3579
9	128.847	0.11203
9	68.0512	31.0978
9	112.238	1.25034
9	208.008	8.37507e-09
9	44.2874	62.0801
9	62.3692	36.6284
9	75.5956	23.7543
9	112.09	1.27382
9	138.345	0.0221037
9	89.4353	11.1959
9	98.4953	5.53296
9	75.6217	23.7289
9	76.4056	22.9659
9	101.481	4.18149
9	78.211	21.2086
9	136.362	0.0314086
9	88.523	11.8827
9	54.9592	43.841
9	143.306	0.00894517
9	91.313	9.84266
9	108.768	1.90782
9	58.8119	40.0909
9	125.165	0.201186
9	126.542	0.162141
9	135.221	0.0383339
9	144.077	0.00774791
9	64.5151	34.5396
9	79.4529	19.9998
9	204.837	1.74237e-08
9	120.451	0.40904
9	143.04	0.00939869
9	116.507	0.713473
9	45.1707	58.5467
9	137.958	0.023683
9	84.4978	15.1089
9	71.8849	27.3661
9	92.4962	9.03467
9	68.7389	30.4284
9	60.8042	38.1516
9	81.0199	18.4745
9	97.8067	5.88192
9	56.6955	42.1509
9	97.5668	6.00678
9	95.4562	7.17812
9	100.646	4.53301
9	112.95	1.14213
9	170.26	3.94586e-05
9	99.2259	5.17806
9	67.2211	31.9057
9	142.882	0.00967699
9	68.2878	30.8675
9	167.974	6.41812e-05
9	62.2312	36.7627
9	150.662	0.00219931
9	73.002	26.2788
9	119.312	0.482064
9	165.486	0.000108477
9	139.129	0.0192051
9	102.325	3.84613
9	186.343	1.16738e-06
9	69.9245	29.2743
9	111.539	1.36477
9	85.7103	14.1066
9	106.127	2.57734
9	94.8396	7.54468
9	83.2327	16.3206
9	76.954	22.4321
9	73.4288	25.8634
9	142.3	0.0107768
9	57.7712	41.1039
9	217.217	9.83428e-10
9	116.608	0.703633
9	59.1654	39.7468
9	122.301	0.311365
9	103.668	3.35414
9	255.265	1.24642e-13
9	76.4267	22.9453
9	150.712	0.00217834
9	95.8236	6.96492
9	107.117	2.30753
9	93.6488	8.28301
9	83.975	15.5981
9	124.211	0.233124
9	243.078	2.23329e-12
9	87.8827	12.3753
9	147.318	0.00419725
9	74.6375	24.6869
9	190.549	4.54165e-07
9	208.851	6.8889e-09
9	156.386	0.000706247
9	95.5539	7.12105
9	117.404	0.630657
9	90.9592	10.0912
9	80.1973	19.2752
9	167.841	6.60121e-05
9	93.7397	8.22527
9	118.442	0.545403
9	132.187	0.0644344
9	54.8643	43.9413
9	118.368	0.551119
9	88.8016	11.671
9	128.693	0.114881
9	100.595	4.55543
9	115	0.87412
9	136.024	0.0333259
9	106.04	2.60231
9	97.1916	6.20547
9	95.3269	7.2541
9	105.542	2.74803
9	105.396	2.79202
9	118.696	0.526179
9	83.7227	15.8437
9	98.8005	5.38279
9	72.6136	26.6568
9	114.368	0.9503
9	62.1466	36.845
9	94.9421	7.48299
9	114.318	0.956485
9	115.599	0.806884
9	108.903	1.87782
9	145.406	0.00603583
9	139.844	0.0168816
9	104.585	3.0461
9	59.6119	39.3122
9	119.349	0.479505
9	100.218	4.72154
9	61.7095	37.2705
9	69.9155	29.2831
9	158.855	0.000428149
9	84.1928	15.3861
9	75.1679	24.1706
9	165.668	0.000104412
9	102.731	3.69233
9	92.7097	8.89276
9	88.6672	11.7729
9	80.5488	18.933
9	70.7512	28.4697
9	53.7078	45.507
9	100.195	4.73169
9	270.476	3.40099e-15
9	86.2579	13.6619
9	101.898	4.01317
9	85.1113	14.5988
9	62.1315	36.8597
9	85.6388	14.165
9	64.0649	34.9779
9	123.193	0.272268
9	135.566	0.0360984
9	90.5353	10.3929
9	117.407	0.630382
9	117.14	0.654054
9	84.5198	15.0904
9	58.8817	40.023
9	76.1369	23.2274
9	84.6651	14.9692
9	119.804	0.449219
9	125.171	0.201002
9	74.7825	24.5457
9	96.8796	6.37384
9	87.169	12.9343
9	72.285	26.9767
9	76.957	22.4291
9	137.875	0.0240372
9	42.616	72.9788
9	235.346	1.38834e-11
9	72.8519	26.4249
9	83.7136	15.8525
9	108.895	1.87965
9	44.1997	62.5014
9	82.8432	16.6998
9	103.782	3.31454
9	129.858	0.094966
9	139.02	0.0195844
9	117.937	0.585502
9	84.6839	14.9535
9	140.361	0.0153719
9	57.6447	41.227
9	85.929	13.9283
9	188.692	6.8972e-07
9	167.482	7.12346e-05
9	96.9358	6.34331
9	99.2182	5.18175
9	91.1324	9.96913
9	152.365	0.00157482
9	111.263	1.41228
9	80.5556	18.9265
9	124.14	0.235685
9	108.02	2.08134
9	274.783	1.22852e-15
9	107.569	2.19194
9	79.1272	20.3168
9	79.4219	20.0299
9	67.5107	31.6238
9	92.0493	9.33564
9	53.7034	45.5128
9	120.324	0.416632
9	65.9695	33.124
9	135.284	0.0379152
9	117.926	0.586385
9	127.683	0.13519
9	79.682	19.7768
9	103.193	3.52242
9	97.4656	6.05998
9	156.985	0.000625793
9	66.1743	32.9246
9	115.646	0.801722
9	129.051	0.108382
9	110.828	1.49009
9	72.0313	27.2236
9	89.2945	11.3007
9	77.1422	22.2489
9	152.812	0.00144178
9	65.5534	33.5289
9	195.896	1.35245e-07
9	57.0934	41.7636
9	97.0554	6.27865
9	113.986	0.999052
9	129.712	0.0972694
9	159.201	0.000398933
9	92.828	8.81466
9	125.423	0.193288
9	40.4747	98.8711
9	58.8706	40.0338
9	122.796	0.289059
9	88.3255	12.0337
9	58.9978	39.9099
9	97.1898	6.20647
9	63.5113	35.5167
9	96.3604	6.66038
9	96.9057	6.35965
9	99.0997	5.23824
9	50.1807	49.9425
9	72.2884	26.9734
9	180.502	4.26803e-06
9	117.353	0.635059
9	158.131	0.000496142
9	59.333	39.5837
9	100.593	4.55612
9	110.549	1.54183
8	99.2616	6.94284
8	92.4143	10.5372
8	96.9386	8.04204
8	106.697	4.17711
8	129.523	0.630364
8	80.7649	19.0445
8	162.507	0.0219441
8	106.601	4.20619
8	61.8293	37.2655
8	131.26	0.536869
8	100.828	6.26809
8	87.6676	13.668
8	95.1421	8.97577
8	67.4831	31.7458
8	90.2335	11.9113
8	146.518	0.120964
8	100.476	6.41496
8	176.302	0.00454436
8	41.4231	72.1806
8	105.189	4.65216
8	81.655	18.3073
8	66.6939	32.5162
8	125.934	0.872847
8	93.2942	10.0144
8	73.7908	25.5877
8	236.814	3.11657e-06
8	110.606	3.12541
8	79.6456	19.9851
8	70.8106	28.4972
8	70.4289	28.8698
8	88.5555	13.0434
8	46.5496	66.7926
8	88.2911	13.2276
8	145.846	0.129543
8	121.284	1.31247
8	118.096	1.71895
8	119.361	1.54595
8	120.647	1.38611
8	57.6603	41.3357
8	101.885	5.84184
8	74.2693	25.1206
8	53.0083	45.8773
8	91.7639	10.9353
8	68.7944	30.4656
8	57.8599	41.1408
8	192.304	0.000678425
8	78.0138	21.4649
8	155.168	0.0488958
8	149.009	0.0935959
8	126.323	0.842967
8	82.5329	17.591
8	135.172	0.371298
8	97.525	7.75323
8	137.468	0.29776
8	108.52	3.65569
8	62.7589	36.3579
8	62.5211	36.5901
8	70.837	28.4714
8	144.356	0.150661
8	64.8264	34.3395
8	105.722	4.47958
8	94.0487	9.58065
8	124.317	1.00771
8	81.8292	18.1643
8	130.66	0.567609
8	81.3099	18.5918
8	57.9234	41.0787
8	94.9968	9.05455
8	86.4284	14.568
8	163.406	0.0198554
8	87.8317	13.5513
8	94.4654	9.34686
8	70.2483	29.0462
8	90.3874	11.8107
8	147.956	0.104358
8	103.71	5.15866
8	120.48	1.40598
8	115.919	2.05615
8	80.4081	19.3428
8	164.15	0.0182725
8	104.124	5.0126
8	89.1563	12.6307
8	59.8822	39.1664
8	77.3859	22.0778
8	148.494	0.0987257
8	137.557	0.295192
8	66.8323	32.3812
8	120.184	1.44189
8	147.849	0.105517
8	85.0389	15.6143
8	105.545	4.53645
8	90.054	12.0294
8	86.2854	14.6739
8	90.2313	11.9127
8	102.03	5.78506
8	131.653	0.517565
8	96.3728	8.32811
8	188.101	0.00112362
8	93.1848	10.0784
8	98.6205	7.23429
8	55.0907	43.8443
8	110.587	3.12987
8	72.0542	27.2831
8	132.318	0.486346
8	107.78	3.86062
8	64.4927	34.6652
8	70.6346	28.6691
8	89.0815	12.6817
8	83.4988	16.8165
8	108.967	3.53622
8	158.935	0.0325269
8	102.555	5.5832
8	84.5939	15.9573
8	104.34	4.93786
8	185.285	0.00157302
8	60.0286	39.0235
8	75.3598	24.0559
8	110.176	3.22907
8	109.364	3.43281
8	94.8593	9.12956
8	136.636	0.322669
8	70.4186	28.8799
8	107.83	3.84669
8	73.2531	26.1126
8	137.025	0.310787
8	146.1	0.126233
8	68.7413	30.5174
8	76.9768	22.4773
8	80.6029	19.1797
8	99.5895	6.79726
8	65.6159	33.5687
8	80.8574	18.9674
8	93.3449	9.98485
8	75.0668	24.3419
8	79.5057	20.1036
8	68.65	30.6066
8	52.9066	45.9766
8	76.7525	22.6962
8	53.3824	45.5121
8	101.233	6.10184
8	137.494	0.29701
8	188.272	0.00110082
8	123.333	1.09876
8	104.548	4.86666
8	125.192	0.932552
8	161.93	0.0233961
8	68.495	30.7578
8	114.696	2.26975
8	129.325	0.641936
8	135.372	0.364283
8	60.9886	38.0863
8	83.369	16.9197
8	77.6611	21.8092
8	72.7219	26.6312
8	89.202	12.5997
8	87.5939	13.7206
8	74.3677	25.0245
8	68.3616	30.8881
8	39.1616	60.1708
8	112.151	2.7749
8	127.307	0.771488
8	73.903	25.4782
8	105.657	4.50057
8	98.0965	7.47917
8	55.4364	43.5068
8	71.4701	27.8534
8	129.948	0.606231
8	80.4883	19.2756
8	60.4533	38.6089
8	62.4914	36.6192
8	131.186	0.540555
8	95.2982	8.89167
8	90.6253	11.6563
8	99.9103	6.65703
8	113.652	2.46663
8	77.6267	21.8428
8	104.573	4.85804
8	58.4914	40.5243
8	110.277	3.20452
8	72.1756	27.1646
8	86.2747	14.6818
8	72.6324	26.7185
8	60.9305	38.143
8	102.469	5.61595
8	101.652	5.93359
8	45.5486	70.3863
8	90.6777	11.6224
8	114.401	2.32389
8	131.403	0.529743
8	101.701	5.91441
8	115.049	2.20622
8	105.069	4.69163
8	76.6392	22.8068
8	42.4656	74.4425
8	139.172	0.252224
8	121.509	1.28735
8	184.964	0.00163425
8	157.641	0.0374481
8	124.05	1.03172
8	55.8089	43.1432
8	100.915	6.23215
8	143.057	0.171681
8	116.042	2.03581
8	147.38	0.110728
8	79.4068	20.1876
8	74.0165	25.3674
8	127.023	0.791539
8	100.439	6.43066
8	103.398	5.27065
8	154.081	0.0549166
8	133.466	0.436601
8	102.191	5.72273
8	78.6185	20.8745
8	139.296	0.249197
8	135.349	0.365082
8	70.3401	28.9565
8	81.8284	18.165
8	78.5828	20.9094
8	86.8958	14.2248
8	99.3618	6.89812
8	78.704	20.791
8	94.8061	9.15869
8	67.4239	31.8036
8	82.1239	17.9233
8	88.6445	12.9817
8	138.29	0.274906
8	62.7029	36.4126
8	142.629	0.17919
8	66.9312	32.2846
8	130.884	0.555963
8	158.262	0.0350011
8	106.589	4.20976
8	73.6939	25.6822
8	76.5211	22.9221
8	130.72	0.564482
8	129.629	0.624256
8	112.391	2.72359
8	104.383	4.92305
8	125.935	0.872799
8	104.834	4.76995
8	54.7542	44.1728
8	125.671	0.893621
8	128.986	0.662231
8	117.582	1.79381
8	109.372	3.43077
8	93.1958	10.072
8	87.1505	14.0396
8	66.6261	32.5824
8	61.8327	37.2622
8	131.085	0.545672
8	88.3759	13.1684
8	85.6228	15.17
8	69.6958	29.5855
8	98.6198	7.23459
8	114.673	2.27378
8	88.8891	12.8132
8	246.394	9.81697e-07
8	102.844	5.47457
8	123.095	1.12191
8	134.346	0.401676
8	132.904	0.460324
8	86.484	14.5269
8	91.4551	11.1279
8	75.3109	24.1036
8	91.4492	11.1316
8	124.665	0.977222
8	172.758	0.00686051
8	78.6756	20.8187
8	112.262	2.75101
8	99.5378	6.82007
8	76.9247	22.5281
8	76.6837	22.7634
8	208.295	9.80813e-05
8	87.4311	13.8372
8	83.1489	17.0953
8	177.017	0.00417978
8	80.2053	19.513
8	162.007	0.0231967
8	79.5607	20.057
8	80.6295	19.1575
8	164.087	0.018402
8	72.615	26.7356
8	106.427	4.25934
8	57.1118	41.8711
8	118.342	1.68403
8	80.02	19.6689
8	64.9213	34.2469
8	66.0867	33.1091
8	77.5734	21.8947
8	80.2072	19.5114
8	97.7384	7.65003
8	60.1847	38.8711
8	65.8786	33.3122
8	101.954	5.81451
8	55.2812	43.6584
8	84.3629	16.1368
8	77.7696	21.7032
8	100.842	6.26215
8	101.662	5.92976
8	125.459	0.910712
8	106.836	4.13555
8	84.9648	15.6712
8	48.2217	59.962
8	72.5392	26.8096
8	52.5826	46.2929
8	86.3157	14.6514
8	97.7282	7.65497
8	128.518	0.691176
8	59.1394	39.8916
8	103.437	5.25679
8	144.805	0.143979
8	179.796	0.00301584
8	143.809	0.159196
8	127.199	0.779073
8	53.0457	45.8408
8	67.6325	31.5999
8	129.008	0.660879
8	120.253	1.4335
8	160.624	0.0270252
8	117.819	1.75895
8	84.5447	15.9954
8	181.468	0.00247532
8	132.194	0.492058
8	75.7481	23.6768
8	89.9715	12.0838
8	161.317	0.0250372
8	99.2169	6.9629
8	103.38	5.27718
8	90.039	12.0392
8	155.28	0.0483126
8	100.964	6.21201
8	108.773	3.58767
8	129.778	0.615765
8	45.2297	71.3732
8	73.4716	25.8993
8	131.385	0.530671
8	86.8705	14.2432
8	83.6684	16.6821
8	110.659	3.11284
8	93.5723	9.85302
8	94.7372	9.19652
8	66.3748	32.8278
8	50.8375	50.036
8	127.465	0.760576
8	110.974	3.0388
8	82.7589	17.4085
8	81.4349	18.4887
8	88.1169	13.3498
8	61.3384	37.7448
8	97.3441	7.84151
8	56.692	42.2809
8	79.3861	20.2051
8	95.9494	8.54698
8	167.906	0.0119633
8	119.426	1.53751
8	144.328	0.151082
8	169.597	0.00986629
8	178.824	0.00338121
8	73.1833	26.1807
8	60.0757	38.9775
8	128.889	0.668124
8	111.067	3.01722
8	86.8292	14.2733
8	107.211	4.02441
8	98.2069	7.42705
8	80.3155	19.4204
8	104.516	4.87749
8	59.7214	39.3235
8	74.6658	24.7334
8	157.78	0.036887
8	103.496	5.2352
8	82.7252	17.4356
8	97.2672	7.87926
8	76.2086	23.2272
8	87.243	13.9727
8	87.5205	13.7731
8	83.0947	17.1387
8	86.1261	14.7923
8	72.8161	26.5393
8	72.8001	26.5548
8	98.3926	7.34005
8	166.311	0.0143327
8	82.7708	17.3989
8	191.224	0.000772458
8	126.017	0.866457
8	174.47	0.00562563
8	62.9429	36.1784
8	49.6912	54.0907
8	97.4852	7.77258
8	124.235	1.01508
8	172.05	0.00744475
8	140.748	0.216019
8	86.9538	14.1825
8	143.843	0.158662
8	131.283	0.535693
8	93.5242	9.88079
8	133.767	0.424339
8	158.972	0.0323948
8	57.1313	41.8521
8	98.2705	7.39716
8	109.804	3.32113
8	59.3755	39.6611
8	87.0591	14.1059
8	73.3534	26.0147
8	72.8425	26.5135
8	109.104	3.50025
8	102.614	5.56094
8	124.022	1.03427
8	67.6243	31.6079
8	190.162	0.000877573
8	132.599	0.473725
8	65.7696	33.4187
8	71.4808	27.8428
8	58.498	40.5178
8	89.0882	12.6771
8	114.618	2.28394
8	52.3734	46.4971
8	66.2674	32.9327
8	90.8086	11.5381
8	121.963	1.23786
8	60.3198	38.7392
8	69.1894	30.0799
8	52.6288	46.2478
8	102.65	5.54748
8	163.921	0.0187458
8	101.258	6.09198
8	97.9724	7.53804
8	121.602	1.27703
8	109.375	3.43015
8	105.942	4.4098
8	79.1759	20.3838
8	142.643	0.178938
8	154.614	0.0518802
8	168.803	0.0108022
8	217.707	3.13568e-05
8	100.924	6.22827
8	92.2226	10.6535
8	110.06	3.25775
8	124.239	1.01472
8	107.152	4.04173
8	79.5683	20.0505
8	95.9538	8.54472
8	80.2483	19.4768
8	200.535	0.000251136
8	98.4018	7.33575
8	72.73	26.6233
8	134.289	0.403851
8	112.341	2.73412
8	65.5225	33.6599
8	144.24	0.152444
8	64.7765	34.3882
8	72.8701	26.4865
8	133.357	0.441119
8	68.3672	30.8826
8	90.8093	11.5377
8	141.292	0.204692
8	43.1902	74.7994
8	85.1919	15.4973
8	99.0927	7.01877
8	143.311	0.16737
8	107.527	3.93282
8	77.6551	21.8151
8	118.208	1.70299
8	124.302	1.00907
8	105.91	4.41989
8	106.236	4.31823
8	61.2442	37.8367
8	97.8306	7.60578
8	91.2665	11.2466
8	125.557	0.902774
8	83.9342	16.4724
8	117.227	1.84734
8	109.422	3.41808
8	205.624	0.000135581
8	82.2039	17.8581
8	128.728	0.678049
8	77.5325	21.9347
8	96.1599	8.43767
8	123.902	1.04526
8	82.3139	17.7686
8	92.3776	10.5594
8	122.567	1.17474
8	122.847	1.14647
8	118.118	1.7158
8	138.558	0.267823
8	63.473	35.6608
8	107.043	4.07386
8	130.683	0.566376
8	66.5524	32.6545
8	150.676	0.0786837
8	70.4854	28.8147
8	157.81	0.0367672
8	119.901	1.47696
8	64.3359	34.8184
8	65.0384	34.1325
8	133.013	0.455632
8	106.455	4.2507
8	79.9254	19.7487
8	161.585	0.0243062
8	46.4782	67.0681
7	79.5638	21.956
7	70.6319	29.8191
7	154.599	0.226944
7	51.6258	48.0409
7	132.988	1.01683
7	142.419	0.537507
7	128.567	1.36445
7	143.408	0.502169
7	62.7055	36.5194
7	118.111	2.70008
7	81.39	20.3794
7	123.193	1.94346
7	94.6026	10.7654
7	79.0732	22.3847
7	154.971	0.220832
7	84.9772	17.4104
7	195.288	0.00885668
7	110.514	4.33973
7	78.7633	22.6565
7	103.239	6.67111
7	92.9513	11.7463
7	150.048	0.31533
7	171.157	0.0638149
7	85.1975	17.2351
7	88.6264	14.6354
7	152.505	0.264305
7	81.813	20.0194
7	67.9484	32.0784
7	84.5986	17.7137
7	98.5699	8.67877
7	76.7221	24.4591
7	96.6404	9.64703
7	89.6481	13.9118
7	117.245	2.85349
7	164.728	0.105751
7	87.1448	15.7276
7	171.629	0.0614598
7	70.9447	29.5496
7	86.5829	16.1546
7	129.478	1.28447
7	67.3205	32.5907
7	81.9405	19.9114
7	64.0864	35.1673
7	114.815	3.32706
7	59.0631	40.0862
7	74.3469	26.5667
7	83.6051	18.522
7	103.941	6.40706
7	57.8852	41.2396
7	68.2798	31.8052
7	75.6799	25.3841
7	121.762	2.13336
7	95.0367	10.5187
7	135.465	0.861447
7	96.3949	9.77647
7	89.5248	13.9978
7	88.6324	14.6311
7	85.5098	16.9882
7	107.951	5.06392
7	109.113	4.72351
7	65.8888	33.7315
7	125.278	1.69518
7	122.173	2.07712
7	104.094	6.35073
7	76.2911	24.8415
7	79.7705	21.7759
7	109.09	4.73018
7	98.873	8.53439
7	184.851	0.021006
7	94.7549	10.6783
7	149.019	0.339276
7	225.042	0.000729642
7	69.9871	30.371
7	79.183	22.2886
7	112.212	3.91141
7	115.923	3.10287
7	113.462	3.62034
7	126.877	1.52567
7	157.303	0.185876
7	75.3785	25.6517
7	116.108	3.06682
7	59.2322	39.9206
7	141.711	0.564237
7	65.5656	33.9837
7	92.1127	12.2705
7	47.6259	56.6363
7	121.821	2.12524
7	125.71	1.64767
7	87.829	15.2171
7	81.5513	20.2418
7	90.976	13.0089
7	108.033	5.03915
7	93.2607	11.5574
7	82.073	19.7993
7	126.212	1.59413
7	165.461	0.0999047
7	59.3277	39.8271
7	58.07	41.0587
7	90.1331	13.5771
7	100.421	7.82861
7	104.56	6.18156
7	103.999	6.38539
7	126.148	1.60081
7	59.4493	39.708
7	86.1254	16.5071
7	115.771	3.13291
7	153.33	0.248967
7	93.5438	11.3866
7	72.0939	28.5512
7	75.9549	25.1399
7	101.767	7.25584
7	103.266	6.66097
7	111.266	4.14519
7	75.426	25.6096
7	162.066	0.129784
7	98.7535	8.59111
7	107.853	5.09352
7	66.1135	33.5551
7	73.4707	27.3416
7	66.1718	33.5092
7	67.7327	32.2551
7	116.287	3.03233
7	157.909	0.177662
7	70.0467	30.3202
7	79.3566	22.1368
7	107.573	5.17909
7	111.897	3.9879
7	140.732	0.603309
7	87.0748	15.7804
7	89.6532	13.9083
7	102.845	6.82354
7	96.6645	9.63443
7	97.3039	9.30437
7	123.192	1.94354
7	94.0961	11.0591
7	120.612	2.2986
7	100.056	7.99049
7	49.9385	51.539
7	59.3805	39.7754
7	116.267	3.03614
7	75.8667	25.2182
7	55.6118	43.4658
7	77.4739	23.7931
7	118.721	2.59662
7	51.9425	47.4413
7	92.6033	11.9617
7	80.7611	20.9184
7	129.28	1.30148
7	63.2275	36.0083
7	68.8649	31.3186
7	101.272	7.46206
7	101.606	7.32245
7	96.0766	9.94645
7	180.639	0.0296734
7	63.3727	35.8661
7	68.282	31.8034
7	60.8586	38.328
7	130.108	1.23189
7	90.5712	13.2796
7	89.6182	13.9327
7	71.0479	29.4604
7	95.8619	10.0625
7	82.4679	19.4668
7	113.959	3.51002
7	88.509	14.7202
7	62.1018	37.1106
7	89.0572	14.3273
7	151.489	0.284404
7	104.225	6.30262
7	117.527	2.80268
7	119.28	2.50493
7	76.7953	24.3942
7	140.085	0.630465
7	90.5891	13.2675
7	142.389	0.53864
7	97.4573	9.22661
7	80.1748	21.4248
7	75.8147	25.2644
7	63.9803	35.2712
7	145.279	0.441153
7	95.8163	10.0873
7	103.128	6.71391
7	100.452	7.81492
7	64.5761	34.7429
7	105.86	5.73035
7	107.201	5.29463
7	110.409	4.36769
7	108.032	5.03961
7	106.874	5.39839
7	162.111	0.129341
7	112.149	3.92662
7	108.778	4.81947
7	87.8916	15.1709
7	93.7407	11.269
7	122.211	2.07202
7	176.784	0.0406052
7	90.5471	13.2958
7	95.4733	10.2753
7	104.678	6.13935
7	107.926	5.07141
7	94.7916	10.6574
7	79.6474	21.8831
7	111.831	4.00405
7	78.8406	22.5887
7	113.839	3.5363
7	103.963	6.39883
7	143.164	0.510677
7	122.881	1.9835
7	91.0467	12.962
7	105.321	5.91387
7	122.517	2.03103
7	71.9533	28.674
7	104.504	6.20176
7	85.8279	16.7386
7	72.9255	27.822
7	72.0441	28.5947
7	97.0912	9.41309
7	142.041	0.551638
7	120.86	2.26212
7	85.3467	17.1169
7	72.1854	28.4712
7	163.71	0.1144
7	72.3745	28.3057
7	94.1502	11.0274
7	123.824	1.86486
7	82.2203	19.675
7	123.226	1.93928
7	99.1852	8.38783
7	86.5146	16.2069
7	169.45	0.0730696
7	130.251	1.22024
7	144.686	0.459698
7	57.4346	41.6809
7	81.2922	20.4628
7	78.8681	22.5645
7	50.1327	51.115
7	68.9247	31.2685
7	122.201	2.07333
7	158.079	0.175429
7	119.294	2.50279
7	76.5823	24.5831
7	103.344	6.63094
7	97.2117	9.35137
7	136.443	0.806661
7	72.2421	28.4216
7	97.1388	9.38868
7	79.7884	21.7603
7	130.355	1.21178
7	109.372	4.65038
7	112.597	3.81967
7	78.1778	23.1716
7	137.811	0.735546
7	192.323	0.0113293
7	102.099	7.12032
7	88.6118	14.6459
7	62.3961	36.8225
7	87.9366	15.1378
7	105.115	5.98542
7	132.528	1.04855
7	151.901	0.276104
7	78.8534	22.5775
7	112.547	3.83148
7	127.89	1.42691
7	92.3785	12.1025
7	92.8809	11.7897
7	158.946	0.164393
7	116.674	2.95895
7	67.1356	32.7402
7	76.3784	24.764
7	94.5446	10.7987
7	149.758	0.321907
7	138.957	0.680694
7	67.8263	32.1786
7	155.048	0.219591
7	100.822	7.65401
7	164.012	0.111768
7	93.313	11.5257
7	98.4553	8.73393
7	118.677	2.60389
7	143.92	0.484711
7	104.834	6.08392
7	96.6353	9.64975
7	62.2219	36.9931
7	74.5272	26.407
7	118.378	2.65436
7	142.629	0.529826
7	132.464	1.05307
7	93.2884	11.5406
7	86.2642	16.3997
7	105.467	5.86357
7	110.754	4.27687
7	190.434	0.0132485
7	76.1155	24.9974
7	55.7743	43.3066
7	48.8913	53.8701
7	60.5057	38.6736
7	102.266	7.05285
7	109.895	4.50586
7	79.621	21.9061
7	78.581	22.8166
7	70.4511	29.9743
7	113.73	3.56038
7	73.8661	26.9924
7	65.8253	33.7813
7	115.954	3.09676
7	92.8976	11.7794
7	133.729	0.967731
7	90.5962	13.2628
7	104.92	6.05344
7	109.132	4.71829
7	101.639	7.30872
7	137.243	0.764308
7	139.637	0.649966
7	89.6637	13.901
7	100.16	7.94395
7	84.593	17.7183
7	70.5861	29.8584
7	90.6873	13.2016
7	96.3037	9.82496
7	192.133	0.0115089
7	102.311	7.03483
7	99.1625	8.39843
7	49.9654	51.4799
7	187.895	0.0163444
7	72.8926	27.8509
7	103.137	6.7103
7	160.765	0.143295
7	59.9277	39.2395
7	104.275	6.28444
7	125.649	1.65436
7	69.0381	31.1735
7	127.639	1.45084
7	92.3601	12.1141
7	72.2481	28.4164
7	69.6781	30.6336
7	223.637	0.000821932
7	148.684	0.347409
7	70.0305	30.334
7	94.1592	11.0221
7	65.1838	34.2788
7	115.881	3.11116
7	88.3895	14.8067
7	93.7585	11.2584
7	107.641	5.15835
7	94.559	10.7905
7	69.1131	31.1105
7	89.3996	14.0855
7	127.732	1.44192
7	48.4596	54.8327
7	124.241	1.81464
7	60.1974	38.9754
7	103.66	6.5115
7	73.682	27.155
7	111.406	4.10985
7	76.6754	24.5006
7	119.283	2.50441
7	103.772	6.46987
7	130.804	1.1762
7	144.15	0.477096
7	92.6707	11.9198
7	199.645	0.00616325
7	98.6673	8.63218
7	69.8537	30.4845
7	169.189	0.0745919
7	100.114	7.96454
7	112.048	3.95121
7	78.9425	22.4993
7	136.36	0.811165
7	127.609	1.45367
7	96.5517	9.69365
7	127.713	1.44373
7	78.0391	23.2939
7	96.6893	9.62144
7	119.029	2.54566
7	71.4961	29.072
7	56.7201	42.3805
7	79.669	21.8643
7	105.643	5.80364
7	97.5809	9.16433
7	61.4894	37.7103
7	77.1619	24.0693
7	81.2607	20.4898
7	96.0742	9.94775
7	134.55	0.91599
7	51.0182	49.2463
7	93.0867	11.6634
7	81.7872	20.0413
7	124.253	1.81318
7	52.9026	46.1186
7	91.0918	12.9322
7	75.4989	25.5448
7	166.864	0.0895525
7	103.182	6.69301
7	69.6221	30.6811
7	136.94	0.780108
7	83.9279	18.2575
7	110.914	4.23543
7	96.1088	9.92913
7	98.3382	8.79055
7	89.9697	13.6892
7	128.991	1.32664
7	72.1489	28.5031
7	113.448	3.62341
7	125.442	1.677
7	66.4412	33.296
7	124.774	1.75228
7	57.1002	42.0083
7	79.6293	21.8989
7	62.6221	36.6011
7	133.711	0.968866
7	133.812	0.962398
7	99.3925	8.29168
7	94.3622	10.904
7	59.5297	39.6293
7	116.804	2.93457
7	113.416	3.63058
7	68.9961	31.2087
7	69.8984	30.4465
7	115.712	3.1446
7	169.545	0.0725237
7	90.3452	13.4324
7	52.6868	46.33
7	122.23	2.06947
7	97.0728	9.42256
7	119.487	2.47188
7	140.072	0.631041
7	115.276	3.23211
7	167.816	0.0831095
7	61.4293	37.7692
7	91.8051	12.4671
7	74.4573	26.4689
7	86.5601	16.172
7	43.7268	61.0103
7	38.7769	59.9508
7	86.7638	16.0164
7	131.993	1.08663
7	109.473	4.62218
7	158.051	0.175787
7	184.985	0.0207759
7	100.175	7.93736
7	85.6631	16.8677
7	116.034	3.08129
7	77.1849	24.049
7	58.1666	40.964
7	85.6608	16.8695
7	151.687	0.28039
7	152.673	0.261125
7	109.628	4.57934
7	57.9123	41.2131
7	143.854	0.48693
7	100.859	7.63812
7	94.5911	10.772
7	55.3997	43.6734
7	106.255	5.5989
7	217.293	0.0014049
7	107.924	5.07218
7	105.4	5.88659
7	98.7829	8.57712
7	117.47	2.81275
7	178.766	0.0345699
7	53.7961	45.2438
7	66.3041	33.4046
7	121.888	2.11604
7	92.7319	11.8818
7	79.6134	21.9127
7	67.875	32.1386
7	49.9171	51.5859
7	159.139	0.162027
7	104.853	6.07714
7	154.899	0.22201
7	124.37	1.79928
7	65.0969	34.3456
7	142.247	0.543901
7	97.1735	9.37091
7	100.946	7.60076
7	123.403	1.91689
7	74.2278	26.6722
7	202.32	0.00493069
7	200.641	0.00567184
7	102.213	7.0744
7	114.85	3.31969
7	95.3876	10.3227
7	66.7404	33.0576
7	190.498	0.0131784
7	111.259	4.14712
7	85.4363	17.0461
7	83.7106	18.4353
7	77.148	24.0817
7	138.096	0.721541
7	61.2363	37.9581
7	121.123	2.22385
7	93.0323	11.6967
7	68.6948	31.4606
7	79.8897	21.6722
7	101.442	7.39056
7	132.649	1.04017
7	76.5343	24.6257
7	94.4282	10.8658
7	60.8004	38.385
7	97.8156	9.04711
6	104.012	7.90851
6	73.2557	27.3424
6	194.655	0.0459501
6	88.1241	15.208
6	101.579	8.82077
6	120.991	3.25815
6	101.581	8.81977
6	73.8606	26.7326
6	171	0.179372
6	70.0302	30.6857
6	51.6651	49.3866
6	162.235	0.294822
6	78.761	22.0963
6	77.7908	22.9645
6	73.4464	27.1495
6	104.02	7.90594
6	117.811	3.89884
6	122.522	2.98421
6	88.1486	15.1934
6	174.667	0.14566
6	143.826	0.852292
6	102.505	8.46666
6	85.9447	16.575
6	70.051	30.6638
6	86.7988	16.0237
6	84.459	17.5846
6	53.7082	47.5721
6	147.32	0.694782
6	96.9266	10.7358
6	61.8131	39.4652
6	104.624	7.68848
6	130.074	1.91949
6	126.826	2.32358
6	100.855	9.10368
6	123.529	2.81569
6	131.334	1.78192
6	94.515	11.83
6	77.4581	23.2684
6	79.6093	21.3601
6	146.971	0.709069
6	77.2613	23.4496
6	87.1027	15.8325
6	110.857	5.66646
6	69.1024	31.6677
6	201.399	0.0308636
6	90.9557	13.6101
6	112.935	5.08411
6	95.4321	11.4046
6	129.871	1.94265
6	85.7044	16.7338
6	134.371	1.48895
6	115.799	4.35733
6	113.312	4.98336
6	79.3786	21.5581
6	68.6274	32.1727
6	107.672	6.64909
6	99.5869	9.612
6	112.418	5.22445
6	55.8548	45.582
6	109.903	5.94962
6	166.771	0.227949
6	109.456	6.08556
6	71.9916	28.6364
6	90.7706	13.709
6	110.223	5.85342
6	100.34	9.3079
6	100.66	9.18042
6	105.582	7.35182
6	76.7465	23.9286
6	48.3361	52.8233
6	82.8872	18.7265
6	127.888	2.18323
6	125.591	2.49761
6	116.583	4.17362
6	108.281	6.45288
6	129.997	1.92833
6	82.3683	19.1206
6	82.583	18.9566
6	86.8661	15.9812
6	97.2378	10.6001
6	142.027	0.947311
6	154.405	0.461046
6	56.093	45.3524
6	78.8838	21.9884
6	87.525	15.571
6	58.6213	42.8193
6	111.557	5.46508
6	138.39	1.17392
6	59.8633	41.5274
6	102.131	8.60866
6	175.27	0.140754
6	107.676	6.64797
6	121.894	3.09405
6	95.0356	11.587
6	124.1	2.72399
6	111.123	5.5893
6	105.537	7.36729
6	69.3588	31.3956
6	134.557	1.47265
6	131.806	1.73288
6	112.082	5.31755
6	136.255	1.33187
6	113.527	4.92665
6	55.9293	45.5103
6	118.301	3.7936
6	81.3376	19.929
6	164.672	0.256736
6	101.018	9.03935
6	59.7181	41.6797
6	132.254	1.68758
6	79.5348	21.4238
6	134.55	1.47325
6	77.6571	23.0863
6	109.876	5.95783
6	116.407	4.21445
6	64.4073	36.6911
6	95.4094	11.4149
6	81.0723	20.1426
6	102.485	8.47405
6	153.671	0.480936
6	84.2183	17.7545
6	90.0432	14.1051
6	122.807	2.93565
6	125.924	2.44952
6	149.88	0.598696
6	107.603	6.67182
6	57.0583	44.4045
6	175.045	0.142564
6	118.955	3.65678
6	101.756	8.75231
6	74.7485	25.8501
6	107.695	6.64178
6	67.0365	33.8718
6	94.0176	12.0659
6	119.2	3.60678
6	114.586	4.65426
6	95.211	11.506
6	56.7571	44.7031
6	122.416	3.00251
6	85.8049	16.6672
6	86.4769	16.2291
6	80.864	20.3117
6	124.576	2.64976
6	128.622	2.09101
6	111.862	5.37911
6	76.002	24.6334
6	94.4809	11.846
6	61.3741	39.932
6	93.1235	12.4998
6	100.955	9.06396
6	128.076	2.15922
6	71.57	29.0731
6	160.012	0.334557
6	110.247	5.84638
6	80.0235	21.0085
6	112.244	5.27246
6	128.096	2.15674
6	70.547	30.1417
6	116.655	4.15724
6	64.6712	36.408
6	132.437	1.66943
6	107.33	6.76119
6	95.2085	11.5071
6	165.18	0.24946
6	98.5842	10.0262
6	101.709	8.77036
6	56.7017	44.7577
6	112.59	5.17738
6	81.636	19.6915
6	78.5026	22.3249
6	139.369	1.10796
6	71.123	29.5386
6	125.49	2.5124
6	135.284	1.4106
6	148.946	0.632061
6	104.638	7.68372
6	81.1327	20.0937
6	71.9248	28.7054
6	106.531	7.02731
6	147.143	0.702006
6	122.015	3.07259
6	105.019	7.54847
6	207.802	0.0210828
6	140.643	1.02778
6	138.202	1.18701
6	64.3846	36.7154
6	70.0573	30.6571
6	75.6809	24.9416
6	118.117	3.83296
6	120.29	3.39087
6	91.7938	13.1703
6	111.236	5.55692
6	68.7096	32.0853
6	129.355	2.00269
6	91.63	13.2552
6	91.7967	13.1688
6	77.7994	22.9567
6	106.382	7.07762
6	67.0397	33.8684
6	110.875	5.66124
6	51.022	49.9712
6	114.639	4.64106
6	114.869	4.58361
6	117.271	4.01779
6	84.0156	17.8989
6	112.46	5.21294
6	112.532	5.19339
6	115.199	4.50236
6	117.953	3.86814
6	73.7121	26.8817
6	84.7027	17.4144
6	87.4052	15.6447
6	78.8841	21.9881
6	143.155	0.886543
6	73.507	27.0883
6	129.507	1.98475
6	88.697	14.8695
6	87.9627	15.3049
6	112.766	5.12969
6	75.9456	24.6874
6	93.2427	12.4412
6	87.2423	15.7455
6	132.012	1.7119
6	180.835	0.10244
6	86.0731	16.4908
6	65.8559	35.1372
6	83.7991	18.0546
6	105.07	7.53052
6	60.7628	40.5799
6	60.178	41.1969
6	68.4753	32.3347
6	83.8564	18.0133
6	108.553	6.3666
6	120.75	3.30322
6	115.783	4.36123
6	80.6345	20.4998
6	76.1771	24.4664
6	102.642	8.41486
6	153.44	0.487373
6	89.7867	14.2475
6	72.2967	28.3219
6	115.672	4.38771
6	87.0041	15.8943
6	131.246	1.7912
6	118.782	3.69259
6	181	0.101475
6	57.9523	43.5045
6	92.2344	12.9446
6	75.5033	25.1131
6	75.6874	24.9354
6	96.3196	11.0039
6	126.937	2.30856
6	169.177	0.198892
6	158.998	0.354468
6	86.4464	16.2487
6	89.4275	14.4495
6	70.4418	30.2523
6	76.7476	23.9276
6	91.4648	13.3413
6	134.896	1.44341
6	156.746	0.40314
6	135.308	1.4086
6	84.7483	17.3828
6	79.3474	21.585
6	87.1889	15.7787
6	153.345	0.490044
6	82.6104	18.9357
6	97.398	10.5307
6	51.8615	49.211
6	68.7443	32.0484
6	140.195	1.05526
6	134.423	1.48439
6	115.354	4.4645
6	97.6237	10.4334
6	73.3374	27.2597
6	81.7699	19.5858
6	73.7415	26.8521
6	116.825	4.1182
6	96.3599	10.986
6	73.6918	26.9021
6	154.289	0.464131
6	91.9604	13.0846
6	93.6943	12.2213
6	153.803	0.477308
6	81.9977	19.4073
6	97.8357	10.3426
6	124.492	2.66279
6	149.231	0.621667
6	108.321	6.44023
6	93.7207	12.2085
6	67.3752	33.5094
6	69.7631	30.9677
6	72.1287	28.4949
6	78.1528	22.6374
6	114.368	4.70937
6	71.9567	28.6725
6	114.022	4.79783
6	86.0236	16.5232
6	79.6944	21.2874
6	80.7189	20.4305
6	83.1612	18.5219
6	95.4802	11.3825
6	85.5602	16.83
6	83.5324	18.2485
6	106.257	7.11978
6	58.7236	42.7139
6	103.168	8.21843
6	85.1824	17.0848
6	127.051	2.29314
6	80.8294	20.34
6	92.8539	12.6332
6	61.7933	39.4862
6	122.149	3.04894
6	107.255	6.78565
6	118.145	3.82693
6	78.7577	22.0992
6	130.807	1.83824
6	97.2164	10.6094
6	120.459	3.35843
6	117.14	4.04722
6	129.778	1.9534
6	118.239	3.80686
6	77.6448	23.0975
6	133.609	1.55762
6	109.688	6.01479
6	84.7314	17.3946
6	97.8511	10.3361
6	124.479	2.66473
6	107.403	6.73703
6	133.281	1.58812
6	95.8167	11.2296
6	75.1608	25.446
6	112.165	5.29452
6	124.081	2.72698
6	96.2747	11.0239
6	119.048	3.63775
6	81.9935	19.4107
6	69.7379	30.9944
6	74.2414	26.3522
6	116.693	4.14839
6	75.2551	25.3541
6	87.8282	15.3861
6	78.9926	21.8931
6	83.7707	18.0752
6	146.436	0.731571
6	86.662	16.1107
6	124.972	2.58931
6	51.7481	49.3123
6	98.7113	9.97307
6	104.732	7.65018
6	75.9089	24.7225
6	57.7694	43.6901
6	118.308	3.79218
6	105.998	7.20834
6	86.7061	16.0826
6	59.1134	42.3102
6	72.4155	28.1997
6	115.844	4.34666
6	93.0331	12.5444
6	88.8597	14.7749
6	92.0829	13.0218
6	126.068	2.42894
6	115.133	4.51852
6	111.224	5.56037
6	71.2655	29.39
6	119.04	3.63948
6	80.7992	20.3646
6	129.397	1.99768
6	69.5103	31.2352
6	57.3637	44.0992
6	46.6406	55.2603
6	94.1854	11.9859
6	105.544	7.36473
6	86.6468	16.1203
6	132.912	1.62315
6	70.0396	30.6757
6	55.8646	45.5726
6	65.3112	35.7215
6	71.1982	29.4601
6	87.6356	15.5033
6	90.8792	13.6509
6	104.682	7.66791
6	200.293	0.0329556
6	195.092	0.0447853
6	95.0055	11.6009
6	175.584	0.13826
6	84.0505	17.874
6	71.3702	29.2809
6	95.6656	11.2981
6	72.4548	28.1594
6	100.506	9.24191
6	110.153	5.87444
6	86.0104	16.5319
6	134.924	1.44101
6	84.1549	17.7995
6	101.265	8.9428
6	98.9485	9.87444
6	111.209	5.56465
6	86.638	16.1259
6	55.5216	45.9002
6	55.0388	46.355
6	88.7202	14.8559
6	129.335	2.00499
6	83.4172	18.3328
6	74.3878	26.2067
6	100.993	9.04933
6	103.949	7.93141
6	121.678	3.13252
6	66.207	34.7607
6	109.735	6.00028
6	75.2705	25.3391
6	162.88	0.284216
6	67.9685	32.8753
6	72.7196	27.8881
6	106.959	6.88372
6	133.907	1.53042
6	91.1043	13.5311
6	77.5779	23.1586
6	128.424	2.1155
6	94.8976	11.651
6	64.4441	36.6516
6	123.49	2.82203
6	84.5738	17.5043
6	80.7015	20.4448
6	92.0979	13.0142
6	67.4907	33.3858
6	98.4623	10.0773
6	89.6518	14.323
6	81.1022	20.1183
6	144.773	0.806289
6	99.4802	9.65556
6	78.8865	21.986
6	116.159	4.27234
6	127.548	2.22725
6	146.104	0.745856
6	69.729	31.0037
6	119.575	3.53111
6	88.5361	14.9638
6	96.5915	10.8832
6	98.378	10.1127
6	92.5872	12.7664
6	109.105	6.19361
6	63.8556	37.2824
6	97.2053	10.6142
6	80.0654	20.9733
6	107.123	6.8293
6	78.3962	22.4195
6	89.2664	14.541
6	82.2887	19.1818
6	82.8886	18.7255
6	155.317	0.437531
6	103.731	8.011
6	99.9461	9.46626
6	133.08	1.60712
6	144.067	0.840324
6	93.9178	12.1137
6	141.873	0.955947
6	121.462	3.17157
6	86.5079	16.2091
6	75.9657	24.6681
6	90.2348	13.9997
6	130.459	1.87644
6	95.6828	11.2903
6	79.7009	21.2818
6	121.03	3.25089
6	139.159	1.12176
6	61.0106	40.3176
6	133.649	1.55397
6	117.205	4.03255
6	90.1651	14.0379
6	72.0672	28.5584
6	77.9022	22.8635
6	66.4623	34.4869
6	91.7848	13.175
6	113	5.06664
6	104.645	7.68119
6	94.9125	11.6441
6	98.081	10.2382
6	148.379	0.653221
6	109.41	6.09968
6	99.339	9.7134
6	99.0294	9.84093
6	61.1568	40.1627
6	64.7326	36.3422
6	103.746	8.00544
6	104.137	7.86326
6	168.378	0.208103
6	88.4091	15.0386
6	149.878	0.598759
6	110.927	5.64606
6	112.811	5.11731
6	103.211	8.20245
6	100.967	9.05924
6	160.954	0.317104
6	68.8548	31.9308
6	86.3246	16.3272
6	135.088	1.42711
6	97.9862	10.2785
6	102.016	8.65257
6	102.963	8.29447
5	107.011	7.52412
5	73.4995	27.9447
5	97.9353	10.933
5	105.221	8.08864
5	111.387	6.31303
5	126.882	3.31042
5	102.774	8.93858
5	73.3302	28.0926
5	104.803	8.22742
5	93.6572	13.1057
5	86.1031	17.9425
5	87.2145	17.157
5	123.885	3.77373
5	52.3123	46.9777
5	130.749	2.77979
5	208.626	0.0501628
5	139.253	1.85143
5	146.143	1.30705
5	98.8928	10.5017
5	124.457	3.68172
5	92.0444	14.0332
5	88.7418	16.1158
5	111.191	6.36275
5	77.7707	24.3669
5	76.4925	25.4131
5	95.3818	12.1803
5	65.0983	36.3827
5	62.3553	39.4729
5	162.987	0.53948
5	117.686	4.89501
5	74.2228	27.3195
5	114.478	5.57628
5	72.846	28.5192
5	99.486	10.2439
5	94.2287	12.7914
5	126.53	3.3625
5	121.489	4.17952
5	159.165	0.660312
5	115.532	5.34378
5	47.0574	52.1544
5	109.176	6.89739
5	85.9385	18.0607
5	107.749	7.30403
5	91.8291	14.1615
5	152.656	0.931054
5	87.5917	16.8955
5	71.2167	29.9998
5	61.7214	40.145
5	90.1759	15.182
5	107.312	7.43355
5	69.8915	31.266
5	120.144	4.42215
5	119.672	4.50979
5	83.0761	20.1836
5	97.2527	11.2524
5	108.565	7.0687
5	71.7799	29.4794
5	82.7962	20.3973
5	182.927	0.190269
5	81.2033	21.6298
5	125.209	3.56316
5	64.7152	36.8192
5	76.7975	25.162
5	87.2636	17.1228
5	109.959	6.68455
5	109.453	6.82129
5	87.0171	17.2948
5	65.961	35.4078
5	91.6762	14.2533
5	65.6519	35.7555
5	111.94	6.1749
5	98.7118	10.5817
5	127.012	3.29141
5	95.0344	12.3612
5	77.332	24.7242
5	148.397	1.16325
5	85.9607	18.0447
5	61.2608	40.6121
5	105.877	7.8768
5	124.003	3.75458
5	89.3205	15.7337
5	100.155	9.96189
5	91.3581	14.4459
5	115.401	5.37211
5	122.525	4.00007
5	92.601	13.7063
5	61.5659	40.3049
5	95.2371	12.2553
5	125.856	3.46374
5	73.8591	27.6326
5	100.957	9.63481
5	102.208	9.14928
5	143.462	1.49913
5	68.6797	32.4808
5	139.829	1.79932
5	115.848	5.2757
5	100.336	9.88703
5	161.416	0.586196
5	108.544	7.07442
5	45.8932	53.3012
5	115.393	5.37388
5	129.579	2.93278
5	97.9069	10.9461
5	105.839	7.88887
5	93.0034	13.4745
5	80.9187	21.8527
5	91.0277	14.6485
5	88.2545	16.4429
5	165.704	0.467403
5	113.284	5.85082
5	118.636	4.70739
5	97.6552	11.0628
5	85.5789	18.3205
5	123.972	3.7596
5	181.722	0.202511
5	100.607	9.77611
5	75.2014	26.4885
5	127.582	3.20893
5	103.6	8.64075
5	124.971	3.60033
5	178.505	0.239249
5	85.5046	18.3745
5	64.5146	37.0481
5	94.4282	12.6835
5	114.062	5.67055
5	139.088	1.86655
5	147.325	1.22969
5	124.7	3.6431
5	112.998	5.91834
5	77.1379	24.8828
5	94.7309	12.5215
5	134.427	2.34016
5	199.891	0.0791906
5	86.7445	17.4865
5	60.2969	41.5123
5	90.0906	15.2362
5	88.8235	16.0614
5	69.4416	31.7104
5	78.1857	24.0306
5	92.9238	13.52
5	82.1438	20.8988
5	51.1604	48.1125
5	93.4733	13.2085
5	94.3793	12.7099
5	111.707	6.23273
5	70.628	30.5548
5	102.6	9.00265
5	82.3956	20.7046
5	57.0967	43.2554
5	128.347	3.10082
5	80.528	22.1601
5	159.734	0.640748
5	81.8537	21.1233
5	64.862	36.6518
5	88.6794	16.1574
5	90.3689	15.0596
5	82.26	20.809
5	112.18	6.11571
5	76.1566	25.6909
5	168.701	0.399181
5	84.6413	19.0078
5	106.524	7.67347
5	105.273	8.0717
5	76.6594	25.2756
5	94.694	12.5412
5	99.3449	10.3046
5	104.453	8.34521
5	83.9527	19.521
5	160.172	0.626071
5	75.4234	26.302
5	96.5851	11.5745
5	102.927	8.88265
5	152.548	0.936344
5	128.195	3.12205
5	118.893	4.65773
5	91.2977	14.4828
5	91.8586	14.1439
5	100.482	9.8271
5	66.4254	34.8902
5	101.897	9.26735
5	77.736	24.3951
5	86.6613	17.5452
5	65.9258	35.4473
5	86.4323	17.7075
5	89.6012	15.5508
5	89.3132	15.7384
5	86.3181	17.7888
5	89.7099	15.4805
5	114.643	5.53923
5	65.5584	35.8611
5	94.3507	12.7253
5	100.838	9.68273
5	64.2422	37.359
5	94.3487	12.7264
5	64.8764	36.6354
5	93.2099	13.3569
5	45.2896	53.8959
5	74.5077	27.0759
5	139.729	1.80825
5	109.752	6.74017
5	109.631	6.7728
5	82.5393	20.5942
5	112.574	6.01988
5	90.8208	14.7766
5	71.4806	29.7548
5	118.786	4.67843
5	93.1586	13.386
5	83.2685	20.0373
5	74.2725	27.2768
5	85.895	18.0921
5	120.64	4.33128
5	58.5915	42.7364
5	74.2919	27.2603
5	102.368	9.08918
5	102.846	8.91217
5	125.525	3.51438
5	79.3973	23.0572
5	102.119	9.18287
5	131.794	2.6487
5	91.4131	14.4125
5	87.0147	17.2965
5	75.3254	26.3843
5	128.571	3.06973
5	65.6802	35.7236
5	85.1219	18.6538
5	129.903	2.88969
5	98.3712	10.7342
5	113.555	5.78745
5	81.3377	21.5248
5	86.5891	17.5962
5	78.0889	24.1089
5	126.722	3.33404
5	87.5386	16.9322
5	86.5225	17.6435
5	79.4164	23.042
5	94.9705	12.3948
5	99.2475	10.3467
5	58.9723	42.5134
5	93.2474	13.3357
5	61.4414	40.4314
5	75.411	26.3124
5	116.956	5.04321
5	66.9705	34.2909
5	105.359	8.04351
5	105.193	8.09805
5	72.4446	28.8772
5	87.2759	17.1142
5	102.656	8.98185
5	100.656	9.75628
5	63.0733	38.6824
5	102.852	8.90976
5	70.1461	31.0179
5	78.0599	24.1324
5	77.8057	24.3385
5	83.1496	20.1276
5	95.0159	12.3709
5	199.33	0.081532
5	125.93	3.45245
5	111.651	6.2467
5	97.2915	11.234
5	106.414	7.7074
5	100.247	9.92362
5	109.723	6.748
5	80.036	22.5491
5	104.474	8.33799
5	77.1692	24.8573
5	95.0173	12.3702
5	48.3546	50.8765
5	109.77	6.73529
5	88.7944	16.0808
5	160.229	0.624182
5	85.4507	18.4137
5	154.386	0.850024
5	143.628	1.48651
5	78.2241	23.9996
5	100.793	9.70093
5	111.73	6.22703
5	112.596	6.01457
5	82.2638	20.8061
5	151.366	0.996292
5	100.939	9.64218
5	104.436	8.35111
5	46.3427	52.8584
5	87.7624	16.7781
5	159.77	0.639509
5	71.4448	29.7878
5	67.5732	33.64
5	99.1591	10.3851
5	111.806	6.20816
5	126.04	3.43585
5	77.0915	24.9208
5	115.003	5.4594
5	114.498	5.5717
5	122.047	4.08203
5	93.1021	13.4181
5	92.4571	13.7901
5	102.983	8.86223
5	133.985	2.38977
5	89.9462	15.3285
5	103.455	8.69217
5	97.995	10.9055
5	140.98	1.69897
5	98.4071	10.7181
5	77.0071	24.9899
5	84.3901	19.1942
5	103.856	8.55114
5	110.448	6.55499
5	91.0572	14.6303
5	93.3891	13.2557
5	101.165	9.55232
5	93.4405	13.2268
5	74.6276	26.9738
5	83.8194	19.6211
5	116.001	5.24309
5	82.098	20.9341
5	115.548	5.34024
5	66.0016	35.3624
5	112.332	6.07857
5	124.829	3.62277
5	117.536	4.92513
5	79.0152	23.3628
5	69.3183	31.8336
5	111.739	6.22479
5	152.761	0.925913
5	116.512	5.13542
5	130.811	2.77187
5	94.8104	12.4793
5	143.065	1.52962
5	89.0482	15.9126
5	73.8699	27.6232
5	92.2289	13.9241
5	75.2846	26.4185
5	110.41	6.56493
5	93.2078	13.3581
5	97.2912	11.2341
5	81.4466	21.4398
5	149.451	1.10118
5	98.6356	10.6157
5	127.117	3.27609
5	128.623	3.06249
5	77.2846	24.7629
5	134.427	2.3402
5	117.645	4.9032
5	96.7795	11.4797
5	39.1411	59.9528
5	104.626	8.28684
5	119.687	4.50693
5	153.94	0.870218
5	107.18	7.47312
5	96.3208	11.7048
5	116.818	5.07185
5	104.771	8.23786
5	100.577	9.78827
5	106.788	7.59202
5	84.588	19.0473
5	157.096	0.736704
5	136.123	2.15745
5	72.8009	28.5592
5	74.9616	26.6907
5	74.8437	26.7904
5	140.159	1.77003
5	102.17	9.16361
5	150.792	1.02669
5	110.905	6.43615
5	78.754	23.5725
5	73.9862	27.5229
5	135.46	2.22739
5	91.5431	14.3337
5	65.3465	36.1009
5	94.7649	12.5035
5	64.2229	37.381
5	159.363	0.65343
5	91.2549	14.5089
5	66.1825	35.1602
5	75.2539	26.4443
5	86.0939	17.9491
5	73.2573	28.1565
5	140.779	1.71617
5	83.4304	19.9146
5	102.002	9.22726
5	112.955	5.92865
5	111.377	6.31562
5	101.462	9.43537
5	107.718	7.31301
5	123.82	3.78434
5	111.584	6.26345
5	75.7156	26.0576
5	109.395	6.83732
5	132.721	2.53648
5	70.1622	31.0023
5	111.19	6.36297
5	103.329	8.73711
5	132.176	2.60202
5	108.367	7.1249
5	79.4573	23.0093
5	66.7926	34.4854
5	87.7737	16.7704
5	143.62	1.4871
5	88.3295	16.3922
5	113.062	5.90304
5	98.6734	10.5988
5	128.171	3.12542
5	74.0138	27.4991
5	144.277	1.4382
5	77.0995	24.9143
5	81.6379	21.2909
5	115.496	5.35166
5	73.9047	27.5932
5	101.717	9.33642
5	108.483	7.09185
5	128.949	3.01778
5	121.827	4.12021
5	112.31	6.08403
5	79.8925	22.6629
5	91.2203	14.5302
5	61.2303	40.6424
5	129.522	2.94036
5	101.668	9.35545
5	86.926	17.3587
5	103.955	8.51663
5	87.3292	17.0772
5	101.645	9.36419
5	97.8924	10.9528
5	108.615	7.05455
5	91.574	14.3149
5	129.092	2.99831
5	114.087	5.66492
5	97.3583	11.2023
5	79.0193	23.3595
5	104.108	8.46332
5	105.111	8.12506
5	82.609	20.5406
5	113.668	5.76119
5	99.6226	10.1856
5	78.5554	23.7322
5	89.6369	15.5277
5	149.167	1.11758
5	126.961	3.29892
5	134.355	2.34813
5	121.591	4.16152
5	91.6518	14.268
5	123.181	3.88965
5	110.787	6.46668
5	57.9734	43.0244
5	79.6695	22.8402
5	100.515	9.81356
5	98.1065	10.8545
5	120.763	4.3091
5	116.936	5.04748
5	72.384	28.9316
5	110.344	6.58219
5	113.231	5.86321
5	142.791	1.55098
5	116.989	5.03655
5	143.324	1.50964
5	124.28	3.70992
5	99.859	10.0855
5	97.3527	11.205
5	89.5381	15.5918
5	89.6803	15.4996
5	51.7074	47.5736
5	72.6959	28.6526
5	116.659	5.10472
5	111.594	6.26107
5	90.7415	14.8259
5	207.011	0.0546104
5	74.3247	27.2322
5	141.355	1.66734
5	96.9459	11.3992
5	120.523	4.3526
5	93.3989	13.2502
5	92.4234	13.8099
5	63.2163	38.5223
5	103.747	8.58903
5	164.011	0.511079
5	110.441	6.55675
5	78.0562	24.1354
5	77.551	24.5456
5	62.1631	39.6798
5	88.0929	16.5525
5	74.2996	27.2537
5	191.425	0.122706
5	137.133	2.05433
5	121.389	4.19725
5	90.9767	14.68
5	96.9616	11.3916
5	62.0014	39.8518
5	81.3755	21.4953
5	99.0233	10.4443
5	99.7964	10.1119
5	80.1049	22.4945
5	112.184	6.11473
5	119.76	4.49343
5	72.9265	28.4479
5	98.9526	10.4754
5	93.1272	13.4039
5	114.881	5.48632
5	72.643	28.6998
5	76.3783	25.5074
5	145.208	1.37135
4	90.3411	17.6519
4	80.2857	23.6565
4	98.7632	13.087
4	116.133	6.34706
4	135.926	2.54456
4	151.955	1.23345
4	102.863	11.1613
4	118.759	5.63776
4	102.699	11.2343
4	89.6809	18.0392
4	124.715	4.288
4	90.1836	17.744
4	87.3384	19.4369
4	69.1045	30.527
4	59.0175	40.4936
4	97.621	13.6599
4	106.087	9.79309
4	111.167	7.89928
4	87.4665	19.3597
4	83.2626	21.9047
4	126.855	3.88202
4	102.272	11.4259
4	129.242	3.47335
4	99.8407	12.561
4	109.176	8.60381
4	122.67	4.71343
4	100.842	12.0847
4	66.0935	33.5021
4	198.25	0.168646
4	86.968	19.6605
4	140.614	2.05058
4	117.416	5.99131
4	78.987	24.382
4	65.5456	34.0434
4	65.9814	33.6129
4	130.825	3.22613
4	82.6085	22.2968
4	74.8079	26.4224
4	107.214	9.3456
4	98.7999	13.0689
4	128.962	3.519
4	71.1071	28.5483
4	118.316	5.75238
4	111.606	7.75043
4	125.509	4.1327
4	170.337	0.554314
4	105.69	9.95445
4	133.004	2.91454
4	96.4499	14.2632
4	117.332	6.0141
4	105.368	10.087
4	57.5169	41.9763
4	166.409	0.657408
4	72.4295	27.2868
4	130.706	3.24401
4	122.357	4.78185
4	137.482	2.36795
4	52.4256	47.0069
4	68.8747	30.7541
4	55.5262	43.9433
4	121.773	4.91214
4	66.0012	33.5933
4	101.47	11.7925
4	97.4403	13.7519
4	72.4235	27.2886
4	99.8239	12.5691
4	115.252	6.60173
4	86.1071	20.1817
4	115.039	6.6647
4	96.2039	14.3919
4	93.6544	15.7662
4	55.8011	43.6717
4	100.563	12.2163
4	85.5927	20.4939
4	70.9703	28.6834
4	78.2312	24.7883
4	85.3345	20.6506
4	128.291	3.63084
4	126.162	4.00919
4	98.903	13.018
4	135.748	2.56572
4	48.8808	50.5095
4	129.249	3.47218
4	145.403	1.65045
4	90.3435	17.6505
4	111.044	7.94151
4	116.115	6.35203
4	117.516	5.96429
4	83.2646	21.9035
4	90.0707	17.8101
4	124.225	4.38646
4	88.0024	19.0376
4	66.0477	33.5473
4	105.227	10.1454
4	90.6637	17.4639
4	114.291	6.88959
4	74.9607	26.3583
4	47.7618	52.2286
4	66.1265	33.4694
4	75.5318	26.1103
4	100.831	12.0898
4	115.708	6.46877
4	115.573	6.50777
4	151.802	1.24178
4	115.899	6.41393
4	117.995	5.83664
4	78.4771	24.6576
4	72.1952	27.4732
4	84.4495	21.1876
4	128.509	3.59405
4	80.9348	23.2831
4	101.24	11.8991
4	95.203	14.9229
4	109.865	8.35473
4	72.0864	27.5806
4	145.996	1.60705
4	107.719	9.15019
4	104.462	10.4664
4	130.634	3.255
4	120.574	5.1901
4	81.0805	23.1985
4	92.4578	16.4351
4	77.9228	24.9501
4	81.0263	23.23
4	94.3002	15.4114
4	126.517	3.94354
4	102.9	11.1449
4	130.94	3.20881
4	62.6429	36.9115
4	111.316	7.84867
4	104.03	10.6512
4	63.9308	35.639
4	119.343	5.48998
4	149.359	1.38329
4	67.6653	31.949
4	146.356	1.58133
4	127.834	3.70903
4	99.3077	12.8194
4	133.69	2.823
4	139.345	2.17339
4	96.2147	14.3863
4	110.139	8.25692
4	84.1812	21.3501
4	72.6026	27.2331
4	73.8241	26.8118
4	111.96	7.63205
4	79.0305	24.3582
4	79.2473	24.2392
4	88.7254	18.6054
4	60.8631	38.67
4	114.544	6.8128
4	82.425	22.4062
4	102.522	11.3135
4	105.302	10.1144
4	66.3191	33.2791
4	106.364	9.68155
4	107.603	9.19483
4	97.0604	13.9467
4	112.013	7.61442
4	108.192	8.96978
4	109.313	8.55373
4	96.4846	14.2451
4	104.427	10.4815
4	137.943	2.31816
4	91.7278	16.8501
4	107.44	9.25755
4	129.893	3.36946
4	98.197	13.369
4	108.615	8.81119
4	56.2289	43.249
4	79.1769	24.278
4	109.594	8.45184
4	102.312	11.408
4	67.9404	31.6772
4	79.0618	24.3411
4	131.927	3.06454
4	106.11	9.78386
4	145.553	1.6393
4	69.591	30.0463
4	84.3796	21.23
4	56.9223	42.5639
4	103.466	10.8953
4	75.8761	25.9549
4	68.4057	31.2174
4	85.1493	20.763
4	87.6575	19.2448
4	88.4584	18.7647
4	59.3951	40.1205
4	124.003	4.43168
4	118.098	5.8095
4	87.4267	19.3837
4	106.125	9.77783
4	119.768	5.3847
4	100.208	12.3848
4	131.661	3.10269
4	60.2708	39.2553
4	204.738	0.129394
4	80.0419	23.7949
4	95.4368	14.7978
4	124.52	4.32689
4	81.5332	22.9339
4	96.9474	14.0049
4	89.964	17.8727
4	95.8356	14.586
4	102.288	11.4187
4	104.632	10.3946
4	98.0228	13.4565
4	119.104	5.55022
4	139.118	2.19609
4	93.1692	16.0357
4	93.8795	15.642
4	106.233	9.73436
4	122.156	4.82625
4	97.073	13.9402
4	75.0361	26.3263
4	77.9918	24.9142
4	127.818	3.71165
4	100.886	12.064
4	127.368	3.79037
4	156.039	1.03143
4	80.7089	23.4138
4	92.0552	16.6634
4	150.929	1.2905
4	100.039	12.4658
4	97.282	13.8329
4	160.363	0.854588
4	90.3185	17.6651
4	52.6455	46.7896
4	73.4413	26.9515
4	66.7811	32.8226
4	129.204	3.47949
4	92.0979	16.6391
4	82.9659	22.0829
4	67.5045	32.1079
4	76.1433	25.8314
4	119.713	5.39834
4	81.8731	22.7337
4	113.58	7.1095
4	96.4685	14.2534
4	142.861	1.85119
4	104.715	10.3594
4	76.7541	25.5398
4	113.378	7.17295
4	96.3407	14.3202
4	96.3376	14.3219
4	82.9658	22.083
4	82.0572	22.6248
4	89.9889	17.8581
4	62.5275	37.0255
4	115.199	6.6174
4	89.4566	18.1715
4	118.044	5.82358
4	83.7571	21.6066
4	110.093	8.27334
4	138.619	2.24711
4	66.6473	32.9548
4	69.7177	29.9211
4	99.4409	12.7545
4	79.8543	23.9009
4	89.4174	18.1947
4	67.5992	32.0143
4	70.3563	29.2901
4	117.409	5.99311
4	132.386	2.99957
4	107.509	9.23084
4	91.0078	17.2643
4	88.6145	18.6715
4	98.2167	13.3592
4	119.002	5.5759
4	120.031	5.32052
4	107.745	9.14026
4	129.115	3.49394
4	117.956	5.84689
4	96.7488	14.1077
4	101.879	11.6045
4	69.9996	29.6426
4	91.3341	17.076
4	107.432	9.26058
4	153.305	1.16242
4	116.383	6.2763
4	123.369	4.56362
4	86.1474	20.1573
4	86.0864	20.1943
4	104.696	10.3675
4	104.949	10.2611
4	131.533	3.12128
4	108.671	8.79019
4	113.43	7.15657
4	130.356	3.29743
4	51.3914	48.0288
4	77.6417	25.0955
4	86.5405	19.9191
4	196.875	0.178461
4	79.925	23.861
4	148.116	1.46181
4	75.7191	26.0263
4	70.8487	28.8035
4	109.485	8.49127
4	142.39	1.89118
4	90.9681	17.2873
4	107.567	9.20838
4	94.5552	15.2725
4	111.142	7.90795
4	103.82	10.7416
4	116.572	6.22336
4	60.6812	38.8498
4	167.753	0.620145
4	121.211	5.0406
4	98.9645	12.9877
4	112.754	7.3722
4	99.2231	12.8608
4	112.437	7.47488
4	98.7622	13.0875
4	163.506	0.745655
4	73.5217	26.9228
4	70.0155	29.6269
4	87.8261	19.1434
4	80.9914	23.2503
4	108.545	8.83723
4	108.96	8.68315
4	121.975	4.86668
4	134.675	2.69666
4	77.3541	25.242
4	94.5505	15.275
4	92.5723	16.3705
4	101.99	11.5539
4	85.3848	20.62
4	92.1995	16.5814
4	81.4635	22.9748
4	101.489	11.7835
4	111.229	7.87817
4	96.843	14.0589
4	116.264	6.30969
4	88.9026	18.5
4	101.227	11.905
4	113.939	6.99772
4	125.481	4.13815
4	130.72	3.24197
4	108.865	8.71836
4	114.055	6.96184
4	75.4435	26.1495
4	98.3476	13.2936
4	119.747	5.3898
4	123.414	4.55421
4	115.15	6.63174
4	73.1185	27.064
4	148.525	1.43545
4	110.425	8.15631
4	102.531	11.3094
4	57.5225	41.9708
4	135.969	2.53955
4	78.0609	24.878
4	84.7333	21.0155
4	125.319	4.16947
4	65.9369	33.6568
4	112.078	7.59306
4	95.1789	14.9358
4	138.748	2.23379
4	98.8106	13.0636
4	86.3853	20.0131
4	139.155	2.19241
4	118.092	5.81103
4	72.314	27.3558
4	66.9527	32.6531
4	124.476	4.33561
4	119.079	5.55651
4	100.411	12.2882
4	89.2478	18.2951
4	90.2751	17.6905
4	80.261	23.6705
4	121.82	4.90155
4	85.7098	20.4228
4	71.3991	28.2597
4	117.934	5.85266
4	66.9123	32.693
4	93.7091	15.736
4	97.7576	13.5905
4	80.0164	23.8094
4	104.247	10.5582
4	51.5439	47.8781
4	68.6675	30.9588
4	129.923	3.36469
4	107.18	9.35898
4	92.6014	16.3541
4	113.417	7.16057
4	136.714	2.45344
4	104.638	10.3918
4	85.3638	20.6328
4	134.832	2.67698
4	64.7373	34.8421
4	133.576	2.83795
4	75.2005	26.2557
4	139.092	2.19876
4	126.985	3.85866
4	106.203	9.74641
4	124.285	4.37424
4	101.103	11.9629
4	66.8221	32.7821
4	92.0006	16.6944
4	88.4661	18.7601
4	90.7723	17.4008
4	120.894	5.11452
4	144.874	1.69014
4	130.096	3.3376
4	121.355	5.00735
4	73.2332	27.0246
4	157.713	0.958899
4	88.4257	18.7842
4	96.3233	14.3293
4	106.361	9.68302
4	82.1496	22.57
4	148.333	1.44774
4	121.954	4.87144
4	78.4963	24.6473
4	53.4113	46.0329
4	109.942	8.32708
4	109.458	8.50094
4	84.928	20.8974
4	94.9992	15.0324
4	78.8372	24.4636
4	95.2331	14.9067
4	113.15	7.24512
4	95.108	14.9739
4	106.466	9.64088
4	80.8635	23.3244
4	79.0413	24.3523
4	105.717	9.94351
4	80.9922	23.2499
4	69.8591	29.7813
4	74.802	26.4249
4	125.391	4.15556
4	96.133	14.4291
4	87.9144	19.0904
4	149.586	1.36945
4	88.5233	18.7259
4	108.354	8.90871
4	91.1052	17.208
4	79.723	23.9747
4	152.141	1.2234
4	95.0398	15.0105
4	88.4807	18.7514
4	116.477	6.24973
4	92.2773	16.5372
4	80.0351	23.7988
4	75.2977	26.2135
4	128.489	3.59735
4	109.285	8.5641
4	87.1525	19.5491
4	99.9369	12.5147
4	132.261	3.01714
4	109.568	8.4614
4	119.388	5.47888
4	147.999	1.46945
4	101.971	11.5627
4	103.351	10.9458
4	110.189	8.23942
4	90.3036	17.6738
4	74.7644	26.4405
4	112.788	7.36122
4	200.973	0.150854
4	72.9461	27.122
4	77.6165	25.1085
4	90.2214	17.7219
4	54.7328	44.7272
4	74.7098	26.4631
4	99.5454	12.7038
4	87.9937	19.0429
4	102.999	11.1011
4	70.7434	28.9076
4	94.862	15.1063
4	97.442	13.751
4	71.2755	28.3818
4	113.28	7.20402
4	90.5967	17.5029
4	108.227	8.95664
4	111.74	7.70559
4	96.095	14.4492
4	108.919	8.69829
4	72.5157	27.2603
4	76.7827	25.5259
4	77.2917	25.2735
4	65.9915	33.6028
4	134.106	2.76887
4	103.233	10.9977
4	109.547	8.469
4	128.2	3.64623
4	72.1852	27.483
4	112.994	7.29484
4	127.595	3.75042
4	70.4559	29.1917
4	120.033	5.32
4	78.3156	24.7436
4	104.607	10.4051
4	94.4584	15.3251
4	104.984	10.2468
4	117.967	5.84393
4	91.0458	17.2424
4	60.4177	39.1102
4	69.7268	29.912
4	71.7354	27.9275
3	65.7913	33.9022
3	79.0751	22.9017
3	110.993	9.22496
3	135.124	3.65761
3	117.632	7.31315
3	136.299	3.48047
3	123.562	5.84811
3	92.7561	15.8145
3	121.635	6.29806
3	142.061	2.71767
3	129.558	4.60657
3	106.053	10.8154
3	120.527	6.56838
3	113.395	8.50186
3	89.8484	17.1139
3	119.667	6.78361
3	87.8136	18.0886
3	82.4146	20.9563
3	107.977	10.1803
3	62.4207	37.2426
3	123.568	5.84673
3	68.5088	31.2091
3	117.323	7.39591
3	64.0051	35.6724
3	77.6975	23.7266
3	124.042	5.7399
3	90.0922	17.0009
3	95.1934	14.7984
3	94.5209	15.0729
3	99.0788	13.2863
3	68.5618	31.1565
3	78.5442	23.2185
3	86.1932	18.9067
3	88.9248	17.5492
3	114.823	8.08835
3	106.071	10.8095
3	94.1842	15.2119
3	110.493	9.37974
3	102.133	12.1705
3	129.347	4.64632
3	156.118	1.4647
3	91.1162	16.5346
3	139.043	3.09606
3	122.291	6.14211
3	173.142	0.743279
3	89.1968	17.4198
3	106.541	10.6524
3	88.204	17.8972
3	97.7625	13.7857
3	104.632	11.2972
3	127.488	5.00847
3	104.304	11.4099
3	105.803	10.8995
3	86.6159	18.6897
3	111.58	9.04514
3	77.0214	24.1342
3	113.194	8.5609
3	98.7745	13.4007
3	98.1924	13.6213
3	107.138	10.4548
3	119.756	6.7612
3	109.542	9.67831
3	101.773	12.2991
3	124.178	5.70947
3	80.8431	21.8596
3	116.124	7.72297
3	129.087	4.69549
3	87.1535	18.4173
3	111.994	8.91956
3	67.7695	31.9418
3	93.5309	15.4849
3	102.233	12.1348
3	106.999	10.5006
3	102.247	12.1299
3	110.868	9.26363
3	123.973	5.75535
3	95.86	14.5303
3	73.3628	26.3985
3	76.2579	24.596
3	87.5468	18.2207
3	109.29	9.75816
3	65.4646	34.226
3	96.5152	14.2706
3	96.9464	14.1016
3	97.8119	13.7667
3	102.219	12.14
3	88.41	17.797
3	95.1863	14.8013
3	124.423	5.65509
3	80.6114	21.9948
3	93.9807	15.2965
3	92.3072	16.0085
3	64.2995	35.3806
3	124.873	5.55632
3	114.743	8.11119
3	108.45	10.0271
3	111.295	9.1324
3	119.831	6.74228
3	97.119	14.0343
3	121.49	6.33303
3	114.942	8.05459
3	83.1919	20.5195
3	127.664	4.97311
3	108.594	9.98054
3	118.637	7.04821
3	100.444	12.7806
3	97.2372	13.9884
3	96.8677	14.1323
3	122.466	6.1009
3	75.8437	24.8471
3	58.0439	41.5802
3	82.9746	20.6409
3	104.252	11.4278
3	110.147	9.48776
3	113.999	8.32537
3	82.8304	20.7217
3	98.3625	13.5566
3	96.7781	14.1674
3	77.0223	24.1337
3	89.3045	17.3689
3	130.835	4.37218
3	101.518	12.3907
3	108.64	9.96578
3	87.5951	18.1968
3	113.518	8.46583
3	111.621	9.03268
3	75.5109	25.0492
3	94.6121	15.0354
3	75.6829	24.9447
3	101.175	12.5144
3	101.82	12.2825
3	78.4813	23.2561
3	87.7624	18.1139
3	56.23	43.6924
3	122.719	6.04183
3	109.936	9.55414
3	151.225	1.81679
3	89.1171	17.4576
3	105.247	11.0875
3	77.0592	24.1114
3	94.9359	14.903
3	95.5461	14.6561
3	80.2684	22.1957
3	105.009	11.1683
3	97.3268	13.9537
3	162.926	1.09458
3	137.529	3.30322
3	99.8728	12.9907
3	85.13	19.4638
3	92.134	16.084
3	116.067	7.73863
3	96.2835	14.3621
3	105.673	10.9433
3	134.174	3.80652
3	100.202	12.8693
3	112.963	8.62933
3	119.239	6.89282
3	69.3981	30.3277
3	109.657	9.64187
3	82.6491	20.8237
3	66.9676	32.7365
3	109.411	9.71977
3	116.695	7.56596
3	106.36	10.7128
3	73.4815	26.2888
3	76.8439	24.2414
3	134.06	3.82477
3	87.8338	18.0787
3	83.5374	20.3277
3	125.859	5.3443
3	109.504	9.69018
3	120.523	6.56916
3	119.092	6.9304
3	68.2376	31.4778
3	98.934	13.3406
3	98.8877	13.3581
3	81.2062	21.6487
3	115.659	7.85222
3	73.5734	26.2323
3	89.0603	17.4846
3	60.2131	39.4304
3	136.477	3.45429
3	109.39	9.72641
3	123.067	5.96123
3	123.636	5.83127
3	67.2849	32.422
3	99.0448	13.2991
3	104.3	11.4113
3	51.8861	47.6828
3	89.1986	17.419
3	149.788	1.9359
3	87.9083	18.042
3	102.907	11.8964
3	60.6154	39.0317
3	100.977	12.5861
3	103.687	11.6236
3	106.184	10.7716
3	155.752	1.48834
3	65.1928	34.4953
3	116.212	7.6985
3	72.4221	27.3308
3	74.0404	25.9457
3	127.147	5.07736
3	113.726	8.40483
3	84.0695	20.0353
3	83.8711	20.1439
3	123.101	5.95356
3	124.254	5.69263
3	81.4679	21.4975
3	101.037	12.5645
3	85.9179	19.0495
3	104.639	11.2948
3	120.96	6.46177
3	71.188	28.5539
3	96.0193	14.4669
3	99.8921	12.9836
3	122.65	6.05795
3	80.6917	21.9478
3	104.388	11.3808
3	99.7011	13.0543
3	80.2844	22.1863
3	122.71	6.04388
3	120.366	6.60816
3	86.94	18.525
3	87.6595	18.1648
3	94.2424	15.1878
3	76.5262	24.4335
3	87.6604	18.1644
3	105.419	11.029
3	82.248	21.0508
3	132.629	4.05995
3	140.939	2.85315
3	72.0503	27.6993
3	128.027	4.90109
3	83.2161	20.506
3	133.214	3.96237
3	91.0411	16.5683
3	115.658	7.85266
3	82.817	20.7293
3	102.112	12.178
3	109.668	9.63835
3	62.9546	36.7135
3	72.456	27.2973
3	115.454	7.90982
3	102.54	12.0259
3	146.368	2.25103
3	89.4427	17.3037
3	78.8348	23.0449
3	90.6321	16.7533
3	93.9212	15.3213
3	76.9023	24.2061
3	89.6388	17.2116
3	87.5181	18.235
3	82.2613	21.0432
3	107.695	10.2719
3	95.2342	14.7819
3	104.259	11.4254
3	62.0588	37.6013
3	119.482	6.83075
3	126.703	5.16807
3	61.4985	38.1565
3	86.598	18.6988
3	93.7504	15.3927
3	100.755	12.6671
3	80.7663	21.9043
3	89.8087	17.1323
3	100.295	12.8351
3	125.923	5.33082
3	78.0443	23.5181
3	72.4313	27.3217
3	97.0115	14.0762
3	110.507	9.37543
3	115.168	7.99032
3	104.049	11.498
3	90.2811	16.9138
3	99.8356	13.0045
3	110.535	9.36681
3	113.248	8.54494
3	110.486	9.38212
3	76.8789	24.2203
3	59.8586	39.7818
3	69.3067	30.4183
3	111.488	9.07325
3	115.93	7.7769
3	120.931	6.46874
3	104.752	11.256
3	117.053	7.46873
3	114.833	8.08567
3	65.9155	33.7791
3	91.4242	16.3969
3	164.271	1.03574
3	153.197	1.66527
3	118.448	7.09739
3	100.242	12.8546
3	74.0371	25.9477
3	112.3	8.82725
3	59.4077	40.2286
3	76.6313	24.37
3	119.226	6.89597
3	70.4983	29.2374
3	117.572	7.32896
3	102.171	12.1571
3	121.298	6.37941
3	78.6149	23.1762
3	92.7655	15.8105
3	144.445	2.44925
3	132.037	4.16077
3	77.2791	23.9786
3	138.375	3.18593
3	88.5532	17.7277
3	85.9952	19.0092
3	81.2202	21.6406
3	103.603	11.6528
3	89.0322	17.498
3	109.306	9.75313
3	70.8175	28.921
3	93.561	15.4723
3	57.1978	42.5277
3	125.275	5.46911
3	101.537	12.384
3	98.5685	13.4785
3	85.3467	19.349
3	136.118	3.50721
3	115.95	7.77108
3	127.909	4.92442
3	73.4117	26.35
3	82.5399	20.8854
3	68.0004	31.7129
3	105.286	11.0742
3	116.997	7.48374
3	88.0743	17.9605
3	94.5958	15.0421
3	143.819	2.51725
3	73.1668	26.5928
3	67.7246	31.9862
3	98.4464	13.5247
3	121.078	6.43283
3	71.8209	27.9266
3	74.3519	25.7552
3	82.238	21.0565
3	93.6327	15.4421
3	78.3998	23.3049
3	90.5866	16.774
3	83.8341	20.1642
3	112.248	8.84291
3	75.0372	25.3373
3	114.931	8.05773
3	93.2972	15.5837
3	101.359	12.448
3	90.3394	16.8871
3	74.2857	25.7956
3	71.6507	28.0953
3	117.546	7.33608
3	106.355	10.7143
3	91.5588	16.3371
3	120.772	6.50779
3	125.016	5.52505
3	115.806	7.81119
3	85.2362	19.4075
3	98.6291	13.4556
3	89.567	17.2453
3	72.1661	27.5845
3	76.823	24.254
3	91.1241	16.531
3	83.1204	20.5594
3	101.307	12.4669
3	101.503	12.396
3	107.232	10.4237
3	136.6	3.43633
3	94.8183	14.9509
3	111.972	8.92623
3	91.5364	16.347
3	136.029	3.52048
3	100.499	12.7603
3	62.2359	37.4257
3	121.3	6.37896
3	83.0282	20.6109
3	69.8365	29.8933
3	92.7636	15.8113
3	115.029	8.02976
3	93.0867	15.6731
3	97.176	14.0122
3	100.904	12.6128
3	100.352	12.8143
3	78.7712	23.0829
3	116.336	7.66432
3	115.096	8.0109
3	146.686	2.21974
3	103.306	11.7562
3	129.041	4.70442
3	70.5734	29.1629
3	108.597	9.97961
3	76.496	24.4518
3	117.309	7.39949
3	147.855	2.10832
3	94.0164	15.2816
3	74.2687	25.806
3	76.7438	24.3019
3	73.0773	26.6815
3	104.364	11.3893
3	126.816	5.14482
3	81.3136	21.5865
3	83.3281	20.4437
3	99.8304	13.0064
3	68.9224	30.7991
3	86.9712	18.5092
3	77.1112	24.08
3	101.202	12.5047
3	61.7803	37.8773
3	66.1749	33.5221
3	106.723	10.5918
3	147.86	2.10785
3	116.908	7.50794
3	114.257	8.25069
3	99.2085	13.2378
3	78.7582	23.0906
3	92.173	16.067
3	107.646	10.288
3	80.3395	22.154
3	86.4401	18.7796
3	75.1566	25.2646
3	81.2364	21.6312
3	91.2467	16.4761
3	93.5183	15.4903
3	59.2825	40.3527
3	85.1167	19.471
3	66.04	33.6557
3	109.393	9.72539
3	84.577	19.7599
3	100.276	12.8422
3	104.129	11.4704
3	119.968	6.7077
3	90.7455	16.7018
3	120.793	6.50259
3	139.174	3.07866
3	128.436	4.821
3	82.5461	20.8819
3	67.4665	32.242
3	82.4338	20.9454
3	134.117	3.81569
3	79.3689	22.7269
3	120.429	6.59254
3	114.228	8.25901
3	114.854	8.07955
3	81.8709	21.2659
3	96.8453	14.1411
3	100.272	12.8435
3	74.5326	25.6448
3	96.5963	14.2387
3	102.38	12.0828
3	62.9273	36.7405
3	96.872	14.1307
3	113.774	8.39086
3	83.9836	20.0822
3	66.7618	32.9404
3	82.0351	21.172
3	97.6914	13.813
3	100.153	12.8873
3	117.78	7.27372
3	78.1548	23.4518
3	87.9888	18.0024
3	91.739	16.2574
3	129.721	4.57598
3	107.146	10.452
3	94.3316	15.1509
3	82.0486	21.1643
3	117.114	7.45208
3	87.196	18.396
3	75.8428	24.8477
3	123.358	5.89459
3	96.4966	14.2779
3	79.4159	22.6991
3	115.939	7.77415
3	89.062	17.4838
3	77.8182	23.654
3	106.5	10.666
3	115.775	7.81999
3	121.797	6.25939
3	109.591	9.66263
3	75.7566	24.8999
3	111.576	9.04643
3	66.1614	33.5354
3	77.6441	23.7587
3	76.6872	24.3361
3	125.203	5.4846
3	118.823	6.99986
3	124.042	5.74
3	125.34	5.45507
3	122.277	6.14541
3	96.5686	14.2496
3	83.2212	20.5031
3	112.073	8.89559
3	76.2875	24.5781
3	146.832	2.20556
3	94.2019	15.2046
3	68.0584	31.6554
3	91.9041	16.1847
3	95.9172	14.5075
3	97.7624	13.7857
3	116.575	7.5987
2	75.2481	27.3083
2	100.151	12.9806
2	128.38	6.05879
2	112.884	9.72338
2	88.1495	17.7299
2	105.657	11.4854
2	114.524	9.33173
2	103.41	12.069
2	84.9985	19.5617
2	86.7644	18.4973
2	129.106	5.89569
2	126.479	6.49319
2	101.514	12.588
2	67.6891	34.4191
2	145.955	2.80605
2	88.248	17.6776
2	88.1784	17.7145
2	98.8253	13.3817
2	67.6333	34.4642
2	73.6068	28.883
2	110.581	10.2752
2	97.2463	13.8889
2	91.3064	16.1826
2	84.9313	19.6041
2	99.7728	13.0929
2	127.464	6.26688
2	83.6394	20.4498
2	102.734	12.2508
2	110.604	10.2697
2	101.877	12.4861
2	94.5498	14.8449
2	97.7399	13.7266
2	98.9109	13.3552
2	117.091	8.71849
2	123.524	7.18438
2	116.431	8.87615
2	107.687	10.9786
2	81.5609	21.9292
2	83.3066	20.6767
2	93.2163	15.3673
2	114.005	9.45562
2	79.6606	23.4123
2	76.6292	26.0275
2	70.9266	31.495
2	105.17	11.6096
2	99.0112	13.3242
2	114.336	9.37651
2	121.196	7.73738
2	97.5696	13.7822
2	99.3432	13.2225
2	86.0816	18.8971
2	87.3185	18.1835
2	111.56	10.0401
2	107.593	11.0017
2	74.687	27.8413
2	108.01	10.8992
2	88.4276	17.5827
2	92.2557	15.767
2	83.7888	20.3492
2	104.923	11.673
2	89.7831	16.896
2	81.6439	21.8672
2	91.6179	16.0439
2	100.214	12.962
2	88.7467	17.4165
2	76.9208	25.7635
2	100.045	13.0118
2	75.9629	26.6393
2	126.028	6.59746
2	79.2751	23.7283
2	101.986	12.4561
2	134.642	4.71883
2	111.917	9.9548
2	75.244	27.3121
2	99.376	13.2125
2	79.2534	23.7462
2	100.402	12.9067
2	135.48	4.55283
2	139.507	3.80769
2	109.474	10.5424
2	118.99	8.26429
2	70.7119	31.7014
2	99.5539	13.1586
2	79.0866	23.8846
2	114.922	9.23682
2	94.2613	14.9549
2	95.4449	14.5136
2	95.1405	14.6246
2	93.3847	15.2993
2	82.8199	21.0154
2	119.917	8.04282
2	99.8968	13.0559
2	124.826	6.87784
2	76.1102	26.5031
2	94.9387	14.6991
2	104.488	11.7855
2	94.3401	14.9247
2	113.285	9.62754
2	96.0157	14.3098
2	84.9997	19.5609
2	115.545	9.08781
2	86.2865	18.7756
2	119.605	8.11739
2	82.4359	21.2883
2	113.768	9.51221
2	104.253	11.8466
2	150.112	2.28379
2	96.2032	14.2441
2	93.5135	15.2477
2	95.5928	14.4602
2	93.2641	15.348
2	110.422	10.3135
2	74.088	28.4168
2	108.62	10.7499
2	71.7195	30.7258
2	94.4138	14.8965
2	96.0873	14.2846
2	86.3916	18.7138
2	70.8177	31.5998
2	104.344	11.8229
2	104.24	11.8501
2	95.4716	14.5039
2	92.7827	15.5452
2	118.426	8.39916
2	95.2443	14.5865
2	90.456	16.5736
2	65.9336	35.6967
2	116.174	8.93758
2	81.0533	22.3131
2	100.247	12.9523
2	85.9484	18.9769
2	137.603	4.14883
2	77.9656	24.8386
2	99.7375	13.1035
2	79.5546	23.4987
2	128.646	5.99884
2	94.0675	15.0297
2	87.1761	18.2632
2	72.5498	29.9144
2	79.9386	23.1875
2	96.0271	14.3058
2	96.8725	14.0142
2	83.9815	20.2204
2	88.8256	17.3758
2	106.548	11.2611
2	82.2999	21.3862
2	96.3901	14.1792
2	111.581	10.0351
2	71.6346	30.8085
2	162.865	1.18077
2	133.636	4.92252
2	89.1296	17.2207
2	84.5173	19.8691
2	89.6787	16.9472
2	79.2408	23.7566
2	131.276	5.41919
2	114.417	9.35737
2	147.226	2.63643
2	71.8734	30.5757
2	113.454	9.58726
2	89.2888	17.1406
2	79.8595	23.2512
2	97.291	13.874
2	108.646	10.7435
2	83.3515	20.6459
2	148.697	2.45124
2	114.341	9.37538
2	77.6523	25.1124
2	93.2739	15.344
2	100.871	12.7709
2	82.4649	21.2675
2	64.4453	36.4894
2	75.8034	26.7875
2	111.342	10.0924
2	96.8873	14.0092
2	108.6	10.7546
2	107.398	11.0497
2	135.219	4.60417
2	96.2787	14.2178
2	78.7348	24.1796
2	93.1628	15.389
2	99.4329	13.1953
2	97.3439	13.8565
2	105.834	11.4407
2	85.0216	19.5471
2	132.292	5.20236
2	104.679	11.736
2	92.1762	15.801
2	78.1449	24.6833
2	95.5434	14.478
2	96.3241	14.2021
2	90.681	16.4684
2	80.6628	22.6146
2	106.21	11.3457
2	97.6842	13.7447
2	107.896	10.9271
2	103.499	12.0453
2	102.467	12.3236
2	105.851	11.4364
2	119.222	8.20884
2	135.624	4.52477
2	77.0603	25.6382
2	120.39	7.9298
2	105.513	11.5221
2	118.905	8.28481
2	106.097	11.3742
2	87.7543	17.9431
2	94.5103	14.8598
2	111.066	10.1586
2	95.1175	14.6331
2	93.7588	15.1504
2	114.056	9.44341
2	85.7123	19.1195
2	96.2606	14.2241
2	87.3923	18.1423
2	106.395	11.2994
2	106.587	11.2514
2	134.697	4.70789
2	122.72	7.37465
2	109.071	10.6401
2	126.004	6.60298
2	86.4623	18.6724
2	67.2079	34.7992
2	93.5854	15.2191
2	132.554	5.14719
2	85.8516	19.0351
2	98.7161	13.4157
2	107.885	10.9298
2	113.991	9.45907
2	81.811	21.7433
2	78.6961	24.2123
2	122.271	7.48138
2	70.374	32.0242
2	73.8006	28.6949
2	88.6582	17.4623
2	97.8812	13.6808
2	115.663	9.05974
2	92.7479	15.5597
2	92.654	15.5988
2	115.142	9.18418
2	115.138	9.18516
2	104.753	11.717
2	101.34	12.6369
2	114.358	9.37127
2	89.316	17.127
2	102.445	12.3295
2	119.327	8.18387
2	84.4161	19.9347
2	103.288	12.1015
2	115.946	8.99214
2	68.0956	34.0835
2	89.9026	16.8379
2	110.313	10.3398
2	115.112	9.19141
2	111.835	9.97433
2	70.5926	31.8157
2	139.813	3.75479
2	76.0178	26.5885
2	96.8008	14.0385
2	122.634	7.39522
2	132.916	5.0715
2	96.0368	14.3024
2	106.176	11.3543
2	106.531	11.2652
2	84.7318	19.7311
2	72.7369	29.7315
2	122.227	7.49183
2	93.3165	15.3268
2	88.3362	17.6309
2	84.9329	19.6031
2	96.0008	14.3151
2	96.6947	14.0746
2	66.3725	35.4073
2	127.013	6.37002
2	81.2554	22.1592
2	96.3165	14.2047
2	79.239	23.7582
2	105.284	11.5803
2	89.1329	17.2191
2	103.085	12.1561
2	103.001	12.1787
2	113.289	9.62676
2	94.7059	14.786
2	61.6619	38.1088
2	116.59	8.83836
2	138.084	4.0608
2	113.868	9.48836
2	98.6132	13.4478
2	123.006	7.30697
2	77.2295	25.4868
2	123.483	7.19414
2	84.0334	20.186
2	62.9972	36.9195
2	83.3423	20.6522
2	109.38	10.5651
2	97.6275	13.7632
2	136.521	4.35178
2	115.933	8.99526
2	99.7034	13.1137
2	101.492	12.5942
2	82.0486	21.5687
2	108.671	10.7376
2	79.913	23.2082
2	77.6268	25.1349
2	96.4234	14.1677
2	109.392	10.5623
2	97.1048	13.9361
2	118.423	8.39995
2	91.8717	15.9326
2	92.7879	15.5431
2	89.2606	17.1547
2	95.5656	14.47
2	84.2688	20.0308
2	88.9155	17.3297
2	111.786	9.9861
2	96.225	14.2365
2	130.273	5.63711
2	145.026	2.93575
2	76.5896	26.0635
2	125.751	6.66176
2	103.148	12.1392
2	104.269	11.8425
2	115.022	9.21293
2	123.561	7.17557
2	86.6595	18.5579
2	122.709	7.37746
2	89.6517	16.9604
2	94.7739	14.7605
2	99.0502	13.3122
2	84.5118	19.8726
2	109.746	10.4766
2	78.6567	24.2456
2	136.017	4.44833
2	87.1809	18.2605
2	82.4557	21.2741
2	84.6424	19.7884
2	85.5522	19.2172
2	95.2734	14.5759
2	139.964	3.72886
2	98.6378	13.4402
2	105.398	11.5512
2	92.061	15.8505
2	102.132	12.4156
2	99.4925	13.1772
2	116.557	8.84611
2	107.853	10.9377
2	88.7111	17.4349
2	108.344	10.8172
2	75.779	26.8103
2	86.8844	18.4286
2	117.243	8.68205
2	106.141	11.3631
2	100.782	12.7965
2	129.647	5.77517
2	99.9231	13.048
2	103.048	12.166
2	92.1393	15.8168
2	133.506	4.94929
2	102.778	12.2389
2	111.515	10.0509
2	76.4903	26.1541
2	79.0391	23.9242
2	99.6964	13.1158
2	107.114	11.12
2	96.1451	14.2644
2	141.809	3.42267
2	84.218	20.0642
2	128.62	6.00468
2	65.7328	35.8213
2	113.349	9.61239
2	113.979	9.46197
2	80.7409	22.5538
2	107.171	11.1059
2	74.4011	28.1152
2	99.8119	13.0812
2	73.2788	29.2022
2	101.912	12.4765
2	118.509	8.37946
2	143.393	3.17539
2	104.702	11.7301
2	92.8776	15.5059
2	72.8627	29.6085
2	65.7002	35.8411
2	77.4362	25.3031
2	100.852	12.7763
2	101.816	12.5033
2	133.403	4.97054
2	103.093	12.1538
2	90.6509	16.4824
2	142.185	3.36259
2	91.5446	16.0763
2	93.1328	15.4013
2	145.149	2.91828
2	83.7918	20.3471
2	69.8883	32.4824
2	85.0594	19.5233
2	77.231	25.4855
2	93.526	15.2427
2	109.558	10.522
2	99.4324	13.1954
2	69.6355	32.7176
2	93.5512	15.2327
2	98.3044	13.5452
2	112.743	9.75708
2	62.3281	37.4465
2	82.2977	21.3877
2	105.328	11.5691
2	93.4603	15.269
2	99.1256	13.289
2	80.1298	23.0345
2	138.294	4.02273
2	79.0659	23.9019
2	123.279	7.2423
2	87.1667	18.2685
2	79.9194	23.203
2	107.25	11.0864
2	88.4792	17.5556
2	119.058	8.24801
2	143.858	3.10565
2	86.1645	18.8478
2	107.424	11.0433
2	113.908	9.47875
2	87.2505	18.2215
2	122.907	7.33044
2	80.2926	22.9052
2	94.7925	14.7536
2	102.535	12.305
2	128.341	6.06748
2	103.595	12.0198
2	86.0289	18.9286
2	80.6026	22.6615
2	95.9255	14.3416
2	104.551	11.7692
2	90.702	16.4586
2	84.2679	20.0314
2	105.303	11.5757
2	97.0377	13.9586
2	89.8665	16.8554
2	114.307	9.38355
2	117.471	8.62775
2	151.421	2.13799
2	76.5612	26.0894
2	108.725	10.7242
2	97.1198	13.9311
2	116.876	8.76989
2	99.4853	13.1794
2	90.665	16.4758
2	119.968	8.03045
2	96.5206	14.1342
2	122.271	7.48149
2	104.015	11.909
2	110.752	10.234
2	102.938	12.1956
2	119.296	8.19127
2	84.1899	20.0826
2	90.2155	16.6875
2	102.409	12.3394
2	106.267	11.3316
2	104.599	11.7568
2	96.6305	14.0965
2	92.161	15.8075
2	80.3629	22.8497
2	90.9558	16.3416
2	81.6046	21.8965
2	74.0226	28.48
2	81.8537	21.7118
2	93.0706	15.4266
2	59.5766	40.1816
2	102.687	12.2636
2	87.8855	17.8718
2	63.2689	36.8681
2	93.5495	15.2334
2	104.574	11.763
2	144.657	2.98849
2	73.9213	28.578
2	96.2496	14.2279
2	118.982	8.26628
2	81.2058	22.1968
2	81.6944	21.8297
2	96.4583	14.1556
2	114.481	9.34191
2	95.2734	14.5759
2	96.6818	14.079
2	97.7954	13.7086
2	81.1743	22.2208
2	81.4962	21.9776
2	93.9917	15.0592
2	112.329	9.85613
2	80.9464	22.3951
2	126.688	6.44495
2	72.9628	29.5107
2	88.9731	17.3003
2	72.2953	30.1633
2	102.46	12.3254
2	98.2496	13.5626
2	81.5232	21.9574
2	108.267	10.836
2	104.189	11.8635
2	108.729	10.7233
2	88.3411	17.6283
1	70.7759	36.4517
1	98.9418	14.3903
1	97.7772	14.9504
1	88.2537	20.8477
1	86.3693	22.348
1	116.473	8.41069
1	104.124	12.2033
1	99.586	14.0923
1	108.3	10.7325
1	82.43	25.8558
1	92.4248	17.942
1	104.63	12.0128
1	105.908	11.5476
1	78.7815	29.4497
1	97.3444	15.166
1	106.157	11.4592
1	106.057	11.4945
1	82.1173	26.1535
1	110.345	10.0887
1	82.6496	25.6481
1	91.5568	18.5014
1	110.479	10.0479
1	102.294	12.9243
1	126.299	6.34407
1	113.41	9.20534
1	93.4302	17.3218
1	116.396	8.42967
1	106.245	11.4285
1	98.4606	14.6182
1	96.8287	15.4284
1	80.731	27.501
1	106.553	11.3208
1	134.383	5.02708
1	98.1375	14.774
1	86.8137	21.9835
1	102.76	12.7355
1	99.0059	14.3602
1	103.497	12.4447
1	85.2043	23.3347
1	112.574	9.43707
1	93.6425	17.1946
1	110.999	9.89213
1	81.2444	26.9972
1	97.039	15.3207
1	94.8901	16.4719
1	92.0373	18.1889
1	101.155	13.3995
1	97.7351	14.9712
1	95.171	16.3148
1	82.9431	25.3726
1	105.598	11.6582
1	96.2432	15.7338
1	81.4026	26.8431
1	98.608	14.5479
1	118.223	7.99232
1	109.756	10.2693
1	114.14	9.00828
1	88.9513	20.3226
1	97.7701	14.9539
1	96.9948	15.3432
1	102.506	12.838
1	91.9534	18.2429
1	110.174	10.1408
1	88.7392	20.4805
1	105.394	11.732
1	108.556	10.6493
1	94.614	16.6282
1	111.892	9.63096
1	88.0788	20.982
1	107.671	10.9402
1	81.5281	26.7212
1	120.011	7.58982
1	101.462	13.2694
1	105.706	11.6195
1	87.1256	21.7316
1	121.072	7.36186
1	107.863	10.8764
1	94.8521	16.4932
1	93.1259	17.5064
1	83.125	25.2031
1	105.315	11.7608
1	115.355	8.69116
1	100.734	13.5813
1	115.855	8.56438
1	80.6404	27.5905
1	110.808	9.94913
1	94.469	16.7111
1	93.9206	17.0298
1	89.7297	19.7555
1	95.7212	16.0131
1	100.247	13.795
1	111.264	9.81383
1	89.3391	20.0375
1	122.851	6.99682
1	111.511	9.74151
1	93.4271	17.3237
1	96.2874	15.7105
1	98.5668	14.5675
1	106.229	11.4339
1	104.483	12.0677
1	103.979	12.2587
1	126.036	6.39158
1	91.3169	18.66
1	83.6137	24.7522
1	81.3292	26.9145
1	113.604	9.15228
1	97.3904	15.1429
1	100.561	13.6567
1	127.656	6.10445
1	76.1934	32.0407
1	109.287	10.4159
1	89.819	19.6918
1	94.8955	16.4688
1	114.323	8.95966
1	97.6088	15.0338
1	115.214	8.72728
1	92.0251	18.1968
1	102.124	12.9936
1	103.262	12.5367
1	98.2104	14.7387
1	80.853	27.3809
1	100.174	13.8272
1	107.821	10.8902
1	109.419	10.3745
1	99.105	14.314
1	72.1545	35.5811
1	95.504	16.1313
1	113.037	9.30771
1	81.979	26.2861
1	97.4641	15.1059
1	101.606	13.2086
1	112.068	9.58043
1	112.237	9.53227
1	103.794	12.3297
1	99.9041	13.9482
1	106.213	11.4397
1	111.029	9.88318
1	107.577	10.9714
1	108.202	10.7645
1	107.997	10.832
1	107.689	10.934
1	100.89	13.5136
1	96.1802	15.7672
1	104.94	11.898
1	126.926	6.23217
1	97.4468	15.1146
1	111.285	9.80759
1	91.5537	18.5034
1	103.504	12.4417
1	105.049	11.858
1	95.3734	16.2029
1	87.501	21.4327
1	98.2692	14.7103
1	102.346	12.9028
1	117.397	8.18671
1	113.907	9.07058
1	119.744	7.64838
1	128.756	5.91642
1	105.068	11.8508
1	101.72	13.1611
1	93.1725	17.478
1	115.874	8.55955
1	97.1426	15.268
1	105.728	11.6116
1	110.669	9.99082
1	111.47	9.75358
1	92.9447	17.6176
1	97.6568	15.01
1	122.759	7.01516
1	104.363	12.1129
1	98.3432	14.6746
1	95.9587	15.8852
1	102.446	12.8622
1	99.4599	14.15
1	101.074	13.4344
1	114.172	8.99968
1	121.628	7.24552
1	94.3775	16.7637
1	117.175	8.23984
1	106.31	11.4055
1	86.6657	22.1041
1	98.2621	14.7137
1	83.9127	24.4798
1	124.524	6.67173
1	114.013	9.04211
1	107.095	11.1343
1	90.2657	19.3766
1	89.6025	19.8468
1	105.016	11.8701
1	105.487	11.6982
1	92.136	18.1256
1	83.3459	24.9984
1	91.7472	18.3767
1	120.172	7.55466
1	87.4173	21.499
1	98.64	14.5327
1	87.9569	21.0762
1	96.8223	15.4317
1	96.4902	15.604
1	86.3733	22.3447
1	107.476	11.0053
1	107.607	10.9613
1	115.769	8.58594
1	123.726	6.82472
1	110.306	10.1006
1	87.584	21.3672
1	102.491	12.8442
1	109.758	10.2686
1	94.7789	16.5345
1	86.5975	22.16
1	102.971	12.6516
1	96.6819	15.5042
1	98.7051	14.5018
1	78.5396	29.6937
1	75.5851	32.6315
1	79.0045	29.2249
1	118.366	7.95921
1	119.608	7.67847
1	97.4991	15.0885
1	98.6553	14.5254
1	71.7593	35.8553
1	94.9444	16.4413
1	114.795	8.8355
1	126.126	6.37515
1	82.4518	25.8351
1	82.9282	25.3865
1	78.9041	29.3261
1	98.9289	14.3963
1	99.3331	14.2083
1	95.9428	15.8938
1	93.5395	17.2561
1	88.3944	20.7405
1	114.916	8.80415
1	115.663	8.61279
1	100.578	13.6492
1	81.7585	26.4982
1	111.864	9.6392
1	107.578	10.9713
1	115.711	8.60058
1	115.16	8.741
1	77.8418	30.3973
1	96.5182	15.5894
1	110.28	10.1085
1	91.7959	18.345
1	92.8942	17.6488
1	91.5338	18.5165
1	113.157	9.27468
1	120.367	7.51243
1	72.307	35.4706
1	97.4647	15.1056
1	93.8731	17.0578
1	105.359	11.7448
1	111.609	9.71283
1	95.1805	16.3095
1	80.6689	27.5623
1	93.9667	17.0027
1	89.157	20.1708
1	113.132	9.2817
1	96.8585	15.4131
1	108.45	10.6837
1	102.66	12.776
1	93.6785	17.1731
1	106.19	11.4476
1	90.9784	18.887
1	103.523	12.4346
1	83.3584	24.9869
1	129.131	5.8535
1	92.4409	17.9318
1	93.77	17.1187
1	98.3148	14.6883
1	113.041	9.30676
1	96.233	15.7392
1	108.142	10.7843
1	102.658	12.7768
1	107.154	11.1143
1	97.7467	14.9655
1	96.7485	15.4698
1	98.9309	14.3954
1	127.413	6.14668
1	87.1838	21.6849
1	126.977	6.22319
1	101.481	13.2614
1	96.2019	15.7557
1	99.3176	14.2155
1	76.2798	31.9559
1	93.5071	17.2756
1	76.9695	31.2725
1	90.906	18.936
1	85.037	23.4801
1	84.8755	23.6213
1	94.4744	16.708
1	115.166	8.73952
1	82.7874	25.5184
1	92.9405	17.6202
1	122.635	7.04009
1	112.271	9.52267
1	97.3692	15.1536
1	110.855	9.93509
1	104.866	11.9253
1	104.847	11.9323
1	103.871	12.2999
1	76.3788	31.8585
1	89.8366	19.6792
1	90.6385	19.1184
1	102.163	12.9776
1	100.136	13.8442
1	106.596	11.3057
1	110.585	10.0161
1	107.232	11.0879
1	85.0144	23.4998
1	95.2598	16.2656
1	88.0516	21.0029
1	100.424	13.7167
1	95.6514	16.051
1	102.576	12.8095
1	99.4817	14.14
1	78.8503	29.3803
1	98.1713	14.7576
1	107.651	10.9468
1	103.58	12.4123
1	88.3477	20.776
1	88.4013	20.7352
1	95.3001	16.2433
1	105.678	11.6295
1	103.566	12.4176
1	91.9005	18.2771
1	99.3598	14.196
1	105.207	11.8001
1	80.8111	27.4221
1	91.0498	18.8388
1	105.846	11.5697
1	97.3013	15.1877
1	104.265	12.1498
1	88.1914	20.8954
1	101.262	13.354
1	97.5893	15.0435
1	105.094	11.8415
1	118.491	7.9305
1	94.2571	16.8333
1	108.524	10.6597
1	82.5305	25.7606
1	104.807	11.947
1	123.353	6.89757
1	101.296	13.3396
1	92.1674	18.1055
1	112.229	9.53458
1	89.6411	19.819
1	138.943	4.3727
1	87.5805	21.37
1	82.0214	26.2454
1	98.8818	14.4184
1	107.454	11.0127
1	104.858	11.9284
1	122.371	7.09334
1	95.6274	16.064
1	108.781	10.5768
1	107.288	11.0689
1	87.8349	21.1709
1	99.3213	14.2137
1	84.8826	23.615
1	84.5351	23.9215
1	102.851	12.6994
1	113.062	9.30086
1	107.254	11.0802
1	103.912	12.2841
1	107.763	10.9093
1	89.7419	19.7468
1	94.7734	16.5377
1	95.0554	16.3792
1	85.7863	22.8362
1	100.784	13.5596
1	91.3775	18.6198
1	110.554	10.0253
1	100.951	13.4873
1	98.5561	14.5726
1	128.844	5.90164
1	88.7375	20.4818
1	77.2161	31.026
1	122.243	7.11924
1	107.315	11.0597
1	100.562	13.656
1	117.423	8.18041
1	111.141	9.85025
1	81.31	26.9332
1	124.7	6.63844
1	90.0217	19.5479
1	83.1959	25.1373
1	98.9125	14.404
1	122.059	7.15672
1	105.358	11.7449
1	112.28	9.51999
1	82.3148	25.9652
1	100.984	13.4731
1	98.0157	14.8333
1	90.7419	19.0476
1	111.983	9.60479
1	97.4501	15.1129
1	104.345	12.1198
1	97.7855	14.9463
1	100.937	13.4934
1	91.6659	18.4298
1	127.468	6.137
1	107.56	10.9773
1	84.3109	24.1213
1	107.841	10.8835
1	91.7456	18.3777
1	102.204	12.9607
1	89.5722	19.8686
1	117.209	8.23174
1	118.684	7.88624
1	124.28	6.71803
1	93.1063	17.5184
1	106.294	11.411
1	94.7695	16.5399
1	106.18	11.4513
1	118.866	7.84488
1	118.098	8.02146
1	82.7935	25.5127
1	81.3156	26.9278
1	115.483	8.65844
1	116.625	8.37322
1	102.768	12.7324
1	90.3486	19.3188
1	91.3971	18.6068
1	97.9742	14.8536
1	109.64	10.3055
1	82.0218	26.245
1	69.595	36.9755
1	96.5355	15.5803
1	103.351	12.5015
1	87.1477	21.7138
1	79.2658	28.9619
1	89.5559	19.8804
1	84.144	24.2709
1	79.4191	28.8079
1	95.3292	16.2273
1	103.037	12.6252
1	105.09	11.8428
1	85.4919	23.087
1	98.7782	14.4672
1	84.0792	24.3293
1	105.359	11.7446
1	93.3153	17.3912
1	108.983	10.5122
1	116.581	8.38396
1	105.492	11.6967
1	124.273	6.71944
1	100.65	13.6178
1	96.1066	15.8063
1	92.6775	17.7833
1	121.12	7.35171
1	101.964	13.0596
1	106.259	11.4234
1	89.1455	20.1792
1	118.849	7.84869
1	87.9698	21.0661
1	103.199	12.5614
1	122.599	7.04732
1	97.4995	15.0883
1	104.661	12.0014
1	96.82	15.4329
1	98.3751	14.6593
1	86.2464	22.4499
1	108.759	10.584
1	83.7095	24.6647
1	83.0432	25.2792
1	104.72	11.9793
1	88.8597	20.3906
1	86.8076	21.9884
1	86.0829	22.5865
1	108.473	10.6763
1	111.189	9.83588
1	145.288	3.53176
1	103.811	12.3232
1	111.633	9.70593
1	101.515	13.2472
1	140.067	4.21841
1	105.773	11.5957
1	112.823	9.36732
1	78.2682	29.9674
1	99.1949	14.2722
1	105.001	11.8754
1	113.808	9.09728
1	96.5442	15.5758
1	96.4412	15.6296
1	106.58	11.3112
1	106.54	11.3253
1	102.493	12.8433
1	113.43	9.19976
1	107.195	11.1002
1	100.652	13.6168
1	115.166	8.73953
1	97.0112	15.3348
1	74.7853	33.3868
1	86.2387	22.4564
1	112.759	9.38517
1	85.0446	23.4735
1	86.1669	22.5162
1	82.9811	25.3371
1	104.02	12.243
