5	100	100	17.7393	14.9927	19.6762	13.6775
5	100	100	17.7336	14.2537	20.9492	13.0071
5	50	100	19.1591	14.9802	20.7692	13.6329
5	50	100	12.9866	7.67853	15.0963	6.46979
5	50	100	13.9245	4.20615	16.3141	3.73778
5	100	100	15.2005	10.1066	17.9049	8.82595
5	100	100	14.7229	10.9391	17.0131	9.55485
5	1000	100	11.302	9.85116	12.2703	9.0682
5	500	100	16.1882	14.3296	17.0745	12.375
5	500	100	16.285	13.627	17.3088	11.5986
1	500	100	14.7231	10.8489	14.7231	10.8489
1	500	100	14.7695	13.0002	14.7695	13.0002
1	500	100	15.1944	12.9152	15.1944	12.9152
1	500	100	12.5119	7.80711	12.5119	7.80711
1	200	1000	16.807	6.67402	16.807	6.67402
1	500	500	3.3626	2.83709	3.3626	2.83709
1	500	100	12.0851	9.99426	12.0851	9.99426
1	500	100	14.0866	7.81587	14.0866	7.81587
1	500	100	12.6924	4.30542	12.6924	4.30542
1	500	100	12.2351	5.85339	12.2351	5.85339
1	100	100	14.4954	4.26056	14.4954	4.26056
1	100	100	14.3878	6.72458	14.3878	6.72458
1	2	100	16.7175	7.74489	16.7175	7.74489
1	2	100	15.4257	10.0603	15.4257	10.0603
1	2	100	15.1946	9.36274	15.1946	9.36274
1	2	100	1.1456	8.81721	1.1456	8.81721
1	2	100	5.8878	10.4179	5.8878	10.4179
1	2	100	17.8812	9.08976	17.8812	9.08976
1	2	100	16.0072	8.77548	16.0072	8.77548
1	2	100	14.1046	10.0427	14.1046	10.0427
1	2	100	5.46478	8.33126	5.46478	8.33126
1	50	100	10.6942	12.0085	10.6942	12.0085
1	50	100	11.6493	9.86311	11.6493	9.86311
1	50	100	11.7008	10.3197	11.7008	10.3197
1	50	100	18.5121	11.9645	18.5121	11.9645
1	5	100	29.4051	9.27211	29.4051	9.27211
1	5	100	4.53447	6.13711	4.53447	6.13711
1	5	100	18.5106	6.6309	18.5106	6.6309
1	5	100	13.6358	6.23135	13.6358	6.23135
1	5	100	36.2413	4.19268	36.2413	4.19268
1	5	100	49.9382	6.30954	49.9382	6.30954
1	5	100	6.06197	4.97073	6.06197	4.97073
1	5	100	2.32814	4.57243	2.32814	4.57243
1	50	100	13.7571	7.05447	13.7571	7.05447
1	50	100	14.0859	4.86619	14.0859	4.86619
1	50	100	13.7916	4.40128	13.7916	4.40128
1	50	100	16.0373	11.674	16.0373	11.674
1	50	100	15.3022	12.3218	15.3022	12.3218
1	500	100	13.6839	8.86627	13.6839	8.86627
1	1000	100	13.5352	10.9348	13.5352	10.9348
1	1000	100	11.0793	10.3233	11.0793	10.3233
1	1000	100	15.9843	6.31496	15.9843	6.31496
1	100	100	12.412	9.47604	12.412	9.47604
1	100	100	13.3977	10.1625	13.3977	10.1625
1	10	100	12.6251	8.37422	12.6251	8.37422
1	10	100	28.1334	9.53162	28.1334	9.53162
1	10	100	16.8884	10.2848	16.8884	10.2848
1	10	100	12.9894	9.13817	12.9894	9.13817
1	100	100	15.0532	10.9187	15.0532	10.9187
1	100	100	13.1648	9.32378	13.1648	9.32378
1	100	100	3.83238	10.4239	3.83238	10.4239
1	100	100	3.10157	8.61244	3.10157	8.61244
1	100	100	12.6778	6.48871	12.6778	6.48871
1	100	100	10.527	7.37774	10.527	7.37774
1	100	100	17.8067	12.0607	17.8067	12.0607
1	100	100	14.3718	8.51881	14.3718	8.51881
1	100	100	13.0218	9.24074	13.0218	9.24074
1	100	100	14.4013	8.55941	14.4013	8.55941
1	100	100	12.7164	9.16628	12.7164	9.16628
1	100	100	12.6897	7.07882	12.6897	7.07882
1	100	100	14.4884	9.9497	14.4884	9.9497
1	100	100	16.7846	6.1585	16.7846	6.1585
1	100	100	19.8557	6.21083	19.8557	6.21083
1	100	100	nan	7.55273	nan	7.55273
1	100	100	17.855	6.03876	17.855	6.03876
1	100	100	19.6369	7.45907	19.6369	7.45907
1	100	100	nan	7.07452	nan	7.07452
1	100	100	nan	7.42949	nan	7.42949
1	100	100	inf	7.1845	nan	7.1845
1	100	100	13.9174	6.80162	13.9174	6.80162
1	100	100	16.6285	8.26597	16.6285	8.26597
1	100	100	13.4833	7.47014	13.4833	7.47014
1	100	100	16.5764	7.51892	16.5764	7.51892
1	10	100	34.4936	6.74614	34.4936	6.74614
1	100	100	19.6358	6.18267	19.6358	6.18267
1	100	100	15.8792	13.9796	15.8792	13.9796
1	100	100	20.0052	10.9281	20.0052	10.9281
6	100	100	17.6633	14.4783	18.8962	13.9839
6	100	100	18.5363	13.698	21.1236	12.9761
1	50	100	32.0811	7.68661	32.0811	7.68661
1	2	100	23.6436	8.04952	23.6436	8.04952
1	2	100	61.8997	7.60072	61.8997	7.60072
1	100	100	16.2529	15.7659	16.2529	15.7659
1	100	100	19.5652	14.525	19.5652	14.525
1	2	100	11.7748	7.30352	11.7748	7.30352
1	2	100	67.6834	12.3871	67.6834	12.3871
1	100	100	20.8654	12.7633	20.8654	12.7633
1	100	100	24.9397	15.9472	24.9397	15.9472
1	500	1	13.5376	16.1992	13.5376	16.1992
1	500	1	11.5479	10.6661	11.5479	10.6661
1	2	1	15.5066	15.6762	15.5066	15.6762
1	2	1	32.7992	0	32.7992	0
1	2	1	19.4666	41.8122	19.4666	41.8122
1	2	1	3.91356	2.12206	3.91356	2.12206
1	2	1	2.68012	0	2.68012	0
1	2	1	1.96035	0	1.96035	0
1	2	1	10.5156	18.3292	10.5156	18.3292
1	100	1	11.2624	13.4222	11.2624	13.4222
1	100	1	13.3887	31.697	13.3887	31.697
1	100	1	12.3816	3.19997	12.3816	3.19997
1	2	1	3.56267	14.3821	3.56267	14.3821
1	2	1	1.40957	0	1.40957	0
1	2	1	14.7756	10.6992	14.7756	10.6992
1	2	1	21.3369	18.8608	21.3369	18.8608
1	2	1	36.0768	6.43273	36.0768	6.43273
1	2	1	14.7161	0	14.7161	0
1	2	1	14.1596	1.15358	14.1596	1.15358
1	2	1	12.5017	4.44705	12.5017	4.44705
1	2	1	36.2402	2.60369	36.2402	2.60369
1	2	1	31.1721	0	31.1721	0
1	2	1	11.3708	14.8272	11.3708	14.8272
1	2	1	21.5587	0	21.5587	0
1	2	1	15.1205	0	15.1205	0
1	2	1	34.6221	0	34.6221	0
1	2	1	0	0	0	0
1	2	1	15.2343	12.024	15.2343	12.024
1	2	1	16.8891	14.1681	16.8891	14.1681
1	2	1	37.9808	28.1511	37.9808	28.1511
1	2	1	7.72527	4.80051	7.72527	4.80051
1	2	1	11.2103	16.8083	11.2103	16.8083
1	2	1	10.3726	13.3467	10.3726	13.3467
1	2	1	31.2082	0	31.2082	0
1	2	1	11.9821	0	11.9821	0
1	2	1	8.98527	0	8.98527	0
1	2	1	24.4863	0	24.4863	0
1	2	1	17.2232	0	17.2232	0
1	2	1	0.94338	2.15843	0.94338	2.15843
1	2	1	23.3721	0	23.3721	0
1	2	1	8.73213	10.7408	8.73213	10.7408
1	2	1	0	3.27725	0	3.27725
1	2	1	0	0	0	0
1	2	1	13.6298	0	13.6298	0
1	2	1	25.473	16.4181	25.473	16.4181
1	500	1	16.6965	0	16.6965	0
1	1000	1	14.9263	40.892	14.9263	40.892
1	1000	1	11.3221	17.6051	11.3221	17.6051
1	1000	1	11.8794	8.21782	11.8794	8.21782
1	2	1	0.70041	13.44	0.70041	13.44
1	2	1	10.8571	8.48166	10.8571	8.48166
1	2	1	20.5034	0	20.5034	0
1	2	1	16.0705	0	16.0705	0
1	2	1	10.1445	0	10.1445	0
1	2	1	19.3035	32.1115	19.3035	32.1115
1	2	1	12.0202	18.4331	12.0202	18.4331
1	2	1	12.2909	9.45309	12.2909	9.45309
1	2	1	0	9.66764	0	9.66764
1	2	1	1.46681	20.528	1.46681	20.528
1	2	1	14.5994	21.6333	14.5994	21.6333
1	2	1	0	0	0	0
1	2	1	24.3265	24.673	24.3265	24.673
1	2	1	11.2642	14.3924	11.2642	14.3924
1	2	1	11.6049	0	11.6049	0
1	2	1	0.328762	6.21249	0.328762	6.21249
1	2	1	16.7324	21.4112	16.7324	21.4112
1	2	1	21.429	9.01708	21.429	9.01708
1	2	1	21.1214	0	21.1214	0
1	2	1	13.9329	3.68844	13.9329	3.68844
1	2	1	13.1609	0	13.1609	0
1	2	1	24.294	0	24.294	0
1	2	1	13.4694	18.9838	13.4694	18.9838
1	2	1	9.15505	17.2222	9.15505	17.2222
1	2	1	3.42713	23.4559	3.42713	23.4559
1	2	1	0	6.78037	0	6.78037
1	2	1	23.5806	12.9704	23.5806	12.9704
1	2	1	33.7699	4.53103	33.7699	4.53103
1	2	1	11.0758	0	11.0758	0
1	2	1	5.97996	9.1738	5.97996	9.1738
1	2	1	22.0564	29.1494	22.0564	29.1494
1	2	1	26.6056	8.1884	26.6056	8.1884
1	2	1	14.1202	16.401	14.1202	16.401
1	2	1	28.3446	0	28.3446	0
1	2	1	12.3569	12.0258	12.3569	12.0258
1	2	1	22.7215	0.769723	22.7215	0.769723
1	2	1	12.731	6.99056	12.731	6.99056
1	2	1	8.2999	0	8.2999	0
1	2	1	10.7557	0	10.7557	0
1	2	1	18.9506	0	18.9506	0
1	2	1	27.637	0	27.637	0
1	2	1	7.61215	8.43979	7.61215	8.43979
1	2	1	9.58081	0	9.58081	0
1	2	1	42.716	29.6775	42.716	29.6775
1	2	1	19.4099	0	19.4099	0
1	2	1	25.3752	28.1789	25.3752	28.1789
1	2	1	24.1818	10.8394	24.1818	10.8394
1	2	1	31.9157	1.16202	31.9157	1.16202
1	2	1	6.93894	13.4012	6.93894	13.4012
1	2	1	11.4808	31.7515	11.4808	31.7515
1	2	1	20.038	4.98519	20.038	4.98519
1	2	1	12.5578	15.6693	12.5578	15.6693
1	2	1	21.4858	33.6626	21.4858	33.6626
1	10	1	28.5231	20.0504	28.5231	20.0504
1	100	1	12.5223	13.9002	12.5223	13.9002
1	500	100	12.0744	10.0536	12.0744	10.0536
1	500	100	10.673	4.49724	10.673	4.49724
1	1000	100	9.47547	8.4488	9.47547	8.4488
1	1000	100	5.88687	4.95583	5.88687	4.95583
